0.755286 -0.108561 0.646342 0.016640 -0.037044 0.977538 0.207477 93.864548 -0.654348 -0.180648 0.734299 0.027350 0.000000 0.000000 0.000000 1.000000 0.755286 -0.108561 0.646342 0.016640 -0.037044 0.977538 0.207477 93.864548 -0.654348 -0.180648 0.734299 0.027350 0.000000 0.000000 0.000000 1.000000 
0.975632 -0.016448 -0.218794 -0.000000 0.068929 0.969677 0.234468 10.182437 0.208303 -0.243836 0.947182 -0.000000 0.000000 0.000000 0.000000 1.000000 0.975632 -0.016448 -0.218794 -0.000000 0.068929 0.969677 0.234468 10.182437 0.208303 -0.243836 0.947182 -0.000000 0.000000 0.000000 0.000000 1.000000 
0.956382 -0.171209 -0.236689 -0.000000 0.166390 0.985234 -0.040345 10.002675 0.240101 -0.000797 0.970747 0.000000 0.000000 0.000000 0.000000 1.000000 0.956382 -0.171209 -0.236689 -0.000000 0.166390 0.985234 -0.040345 10.002675 0.240101 -0.000797 0.970747 0.000000 0.000000 0.000000 0.000000 1.000000 
0.965357 -0.122945 -0.230155 0.000000 0.119041 0.992411 -0.030828 9.322091 0.232198 0.002362 0.972666 0.000000 0.000000 0.000000 0.000000 1.000000 0.965357 -0.122945 -0.230155 0.000000 0.119041 0.992411 -0.030828 9.322091 0.232198 0.002362 0.972666 0.000000 0.000000 0.000000 0.000000 1.000000 
0.979175 -0.010757 -0.202732 0.000000 -0.001519 0.998179 -0.060300 16.865322 0.203011 0.059352 0.977376 0.000000 0.000000 0.000000 0.000000 1.000000 0.979175 -0.010757 -0.202732 0.000000 -0.001519 0.998179 -0.060300 16.865322 0.203011 0.059352 0.977376 0.000000 0.000000 0.000000 0.000000 1.000000 
0.970037 0.208349 -0.124974 -0.000000 -0.216976 0.974345 -0.059780 9.341924 0.109313 0.085105 0.990357 2.841041 0.000000 0.000000 0.000000 1.000000 0.970037 0.208349 -0.124974 -0.000000 -0.216976 0.974345 -0.059780 9.341924 0.109313 0.085105 0.990357 2.841041 0.000000 0.000000 0.000000 1.000000 
-0.621974 -0.778921 0.080187 -4.569970 -0.373900 0.205454 -0.904426 11.195845 0.688002 -0.592512 -0.419026 -0.806632 0.000000 0.000000 0.000000 1.000000 -0.621974 -0.778921 0.080187 -4.569970 -0.373900 0.205454 -0.904426 11.195845 0.688002 -0.592512 -0.419026 -0.806632 0.000000 0.000000 0.000000 1.000000 
0.791105 0.016193 -0.611466 0.000000 -0.164553 0.968431 -0.187251 10.838176 0.589130 0.248754 0.768796 0.000000 0.000000 0.000000 0.000000 1.000000 0.791105 0.016193 -0.611466 0.000000 -0.164553 0.968431 -0.187251 10.838176 0.589130 0.248754 0.768796 0.000000 0.000000 0.000000 0.000000 1.000000 
0.736935 0.593233 -0.324039 -0.000000 -0.543053 0.805031 0.238785 27.841518 0.402516 0.000001 0.915413 0.000000 0.000000 0.000000 0.000000 1.000000 0.736935 0.593233 -0.324039 -0.000000 -0.543053 0.805031 0.238785 27.841518 0.402516 0.000001 0.915413 0.000000 0.000000 0.000000 0.000000 1.000000 
0.970559 -0.240619 -0.010830 0.000023 0.228753 0.934906 -0.271337 28.328838 0.075414 0.260871 0.962423 0.000004 0.000000 0.000000 0.000000 1.000000 0.970559 -0.240619 -0.010830 0.000023 0.228753 0.934906 -0.271337 28.328838 0.075414 0.260871 0.962423 0.000004 0.000000 0.000000 0.000000 1.000000 
0.907113 0.335916 -0.253589 2.681852 -0.392556 0.892563 -0.221881 2.464805 0.151811 0.300819 0.941521 1.573984 0.000000 0.000000 0.000000 1.000000 0.907113 0.335916 -0.253589 2.681852 -0.392556 0.892563 -0.221881 2.464805 0.151811 0.300819 0.941521 1.573984 0.000000 0.000000 0.000000 1.000000 
0.847708 -0.413962 0.331703 -0.000000 0.404406 0.908996 0.100907 4.188985 -0.343288 0.048602 0.937972 -0.000000 0.000000 0.000000 0.000000 1.000000 0.847708 -0.413962 0.331703 -0.000000 0.404406 0.908996 0.100907 4.188985 -0.343288 0.048602 0.937972 -0.000000 0.000000 0.000000 0.000000 1.000000 
0.990202 -0.003726 0.139594 -0.000000 0.001025 0.999811 0.019413 3.416271 -0.139640 -0.019079 0.990019 0.000000 0.000000 0.000000 0.000000 1.000000 0.990202 -0.003726 0.139594 -0.000000 0.001025 0.999811 0.019413 3.416271 -0.139640 -0.019079 0.990019 0.000000 0.000000 0.000000 0.000000 1.000000 
0.997106 -0.069176 -0.031516 2.259835 0.063822 0.987032 -0.147292 9.108283 0.041296 0.144854 0.988591 0.517862 0.000000 0.000000 0.000000 1.000000 0.997106 -0.069176 -0.031516 2.259835 0.063822 0.987032 -0.147292 9.108283 0.041296 0.144854 0.988591 0.517862 0.000000 0.000000 0.000000 1.000000 
0.998367 -0.028855 0.049303 0.000000 0.043152 0.946477 -0.319875 3.700000 -0.037434 0.321480 0.946176 -0.000000 0.000000 0.000000 0.000000 1.000000 0.998367 -0.028855 0.049303 0.000000 0.043152 0.946477 -0.319875 3.700000 -0.037434 0.321480 0.946176 -0.000000 0.000000 0.000000 0.000000 1.000000 
0.995915 -0.073262 0.052780 -0.000000 0.084002 0.966133 -0.243989 2.850000 -0.033117 0.247426 0.968341 -0.000000 0.000000 0.000000 0.000000 1.000000 0.995915 -0.073262 0.052780 -0.000000 0.084002 0.966133 -0.243989 2.850000 -0.033117 0.247426 0.968341 -0.000000 0.000000 0.000000 0.000000 1.000000 
0.994450 -0.088441 0.056987 -0.000024 0.099458 0.966887 -0.235028 9.532501 -0.034314 0.239391 0.970317 0.000040 0.000000 0.000000 0.000000 1.000000 0.994450 -0.088441 0.056987 -0.000024 0.099458 0.966887 -0.235028 9.532501 -0.034314 0.239391 0.970317 0.000040 0.000000 0.000000 0.000000 1.000000 
0.996020 -0.081541 0.035980 0.000000 0.088990 0.887566 -0.452004 3.700000 0.004922 0.453407 0.891290 -0.000000 0.000000 0.000000 0.000000 1.000000 0.996020 -0.081541 0.035980 0.000000 0.088990 0.887566 -0.452004 3.700000 0.004922 0.453407 0.891290 -0.000000 0.000000 0.000000 0.000000 1.000000 
0.999707 -0.017276 0.016945 -0.000000 0.021304 0.960435 -0.277688 2.950000 -0.011478 0.277967 0.960522 -0.000000 0.000000 0.000000 0.000000 1.000000 0.999707 -0.017276 0.016945 -0.000000 0.021304 0.960435 -0.277688 2.950000 -0.011478 0.277967 0.960522 -0.000000 0.000000 0.000000 0.000000 1.000000 
0.987252 -0.133907 0.086043 -1.865133 0.148883 0.968067 -0.201694 9.103592 -0.056287 0.211933 0.975662 0.043070 0.000000 0.000000 0.000000 1.000000 0.987252 -0.133907 0.086043 -1.865133 0.148883 0.968067 -0.201694 9.103592 -0.056287 0.211933 0.975662 0.043070 0.000000 0.000000 0.000000 1.000000 
0.995012 -0.097710 -0.020082 0.000000 0.070862 0.834059 -0.547105 3.379273 0.070207 0.542953 0.836823 -0.000000 0.000000 0.000000 0.000000 1.000000 0.995012 -0.097710 -0.020082 0.000000 0.070862 0.834059 -0.547105 3.379273 0.070207 0.542953 0.836823 -0.000000 0.000000 0.000000 0.000000 1.000000 
0.997803 -0.062958 -0.020624 0.000000 0.055134 0.961727 -0.268406 2.889685 0.036733 0.266680 0.963085 0.000000 0.000000 0.000000 0.000000 1.000000 0.997803 -0.062958 -0.020624 0.000000 0.055134 0.961727 -0.268406 2.889685 0.036733 0.266680 0.963085 0.000000 0.000000 0.000000 0.000000 1.000000 
0.974197 -0.135094 0.180802 -3.806278 0.196770 0.900756 -0.387195 8.076676 -0.110550 0.412781 0.904097 0.486704 0.000000 0.000000 0.000000 1.000000 0.974197 -0.135094 0.180802 -3.806278 0.196770 0.900756 -0.387195 8.076676 -0.110550 0.412781 0.904097 0.486704 0.000000 0.000000 0.000000 1.000000 
0.981570 -0.142227 -0.127640 -0.000000 0.044648 0.820102 -0.570474 3.600000 0.185815 0.554261 0.811337 -0.000000 0.000000 0.000000 0.000000 1.000000 0.981570 -0.142227 -0.127640 -0.000000 0.044648 0.820102 -0.570474 3.600000 0.185815 0.554261 0.811337 -0.000000 0.000000 0.000000 0.000000 1.000000 
0.992305 -0.080992 -0.093653 -0.000000 0.053724 0.963114 -0.263676 2.100000 0.111554 0.256616 0.960054 -0.000000 0.000000 0.000000 0.000000 1.000000 0.992305 -0.080992 -0.093653 -0.000000 0.053724 0.963114 -0.263676 2.100000 0.111554 0.256616 0.960054 -0.000000 0.000000 0.000000 0.000000 1.000000 
-0.252028 0.965986 -0.057914 4.570446 0.157943 -0.017983 -0.987285 11.195644 -0.954744 -0.257970 -0.148038 -0.806627 0.000000 0.000000 0.000000 1.000000 -0.252028 0.965986 -0.057914 4.570446 0.157943 -0.017983 -0.987285 11.195644 -0.954744 -0.257970 -0.148038 -0.806627 0.000000 0.000000 0.000000 1.000000 
0.974884 0.053495 -0.216195 -0.000000 -0.044156 0.997881 0.047798 10.837706 0.218293 -0.037051 0.975180 0.000000 0.000000 0.000000 0.000000 1.000000 0.974884 0.053495 -0.216195 -0.000000 -0.044156 0.997881 0.047798 10.837706 0.218293 -0.037051 0.975180 0.000000 0.000000 0.000000 0.000000 1.000000 
0.724722 -0.210863 -0.655984 0.000000 0.208687 0.974481 -0.082687 27.841522 0.656680 -0.076970 0.750231 0.000000 0.000000 0.000000 0.000000 1.000000 0.724722 -0.210863 -0.655984 0.000000 0.208687 0.974481 -0.082687 27.841522 0.656680 -0.076970 0.750231 0.000000 0.000000 0.000000 0.000000 1.000000 
0.870382 0.239866 -0.430000 0.000005 -0.086365 0.934148 0.346279 28.328835 0.484743 -0.264258 0.833781 -0.000001 0.000000 0.000000 0.000000 1.000000 0.870382 0.239866 -0.430000 0.000005 -0.086365 0.934148 0.346279 28.328835 0.484743 -0.264258 0.833781 -0.000001 0.000000 0.000000 0.000000 1.000000 
0.909858 -0.302571 0.283919 -2.681731 0.413618 0.607216 -0.678387 2.466145 0.032860 0.734670 0.677629 1.576193 0.000000 0.000000 0.000000 1.000000 0.909858 -0.302571 0.283919 -2.681731 0.413618 0.607216 -0.678387 2.466145 0.032860 0.734670 0.677629 1.576193 0.000000 0.000000 0.000000 1.000000 
0.880393 0.463015 0.102592 -0.000000 -0.474031 0.865651 0.161068 4.187095 -0.014232 -0.190435 0.981597 0.000000 0.000000 0.000000 0.000000 1.000000 0.880393 0.463015 0.102592 -0.000000 -0.474031 0.865651 0.161068 4.187095 -0.014232 -0.190435 0.981597 0.000000 0.000000 0.000000 0.000000 1.000000 
0.594410 0.802827 0.046329 0.000000 -0.792381 0.574903 0.204006 3.418388 0.137147 -0.157974 0.977873 0.000000 0.000000 0.000000 0.000000 1.000000 0.594410 0.802827 0.046329 0.000000 -0.792381 0.574903 0.204006 3.418388 0.137147 -0.157974 0.977873 0.000000 0.000000 0.000000 0.000000 1.000000 
0.970163 0.209585 0.121889 -2.259863 -0.020970 0.573388 -0.819015 9.109309 -0.241544 0.792023 0.560675 0.518034 0.000000 0.000000 0.000000 1.000000 0.970163 0.209585 0.121889 -2.259863 -0.020970 0.573388 -0.819015 9.109309 -0.241544 0.792023 0.560675 0.518034 0.000000 0.000000 0.000000 1.000000 
0.999774 0.014310 -0.015751 -0.000000 -0.020274 0.415529 -0.909354 3.700000 -0.006467 0.909467 0.415725 -0.000000 0.000000 0.000000 0.000000 1.000000 0.999774 0.014310 -0.015751 -0.000000 -0.020274 0.415529 -0.909354 3.700000 -0.006467 0.909467 0.415725 -0.000000 0.000000 0.000000 0.000000 1.000000 
0.998698 0.049287 -0.013135 -0.000000 -0.037482 0.534490 -0.844343 2.850000 -0.034595 0.843736 0.535642 0.000000 0.000000 0.000000 0.000000 1.000000 0.998698 0.049287 -0.013135 -0.000000 -0.037482 0.534490 -0.844343 2.850000 -0.034595 0.843736 0.535642 0.000000 0.000000 0.000000 0.000000 1.000000 
0.991226 0.126145 0.039476 -0.000037 -0.020499 0.441749 -0.896904 9.533401 -0.130579 0.888226 0.440459 -0.000033 0.000000 0.000000 0.000000 1.000000 0.991226 0.126145 0.039476 -0.000037 -0.020499 0.441749 -0.896904 9.533401 -0.130579 0.888226 0.440459 -0.000033 0.000000 0.000000 0.000000 1.000000 
0.999171 0.039542 -0.009698 0.000000 -0.025752 0.429300 -0.902795 3.700000 -0.031535 0.902296 0.429962 0.000000 0.000000 0.000000 0.000000 1.000000 0.999171 0.039542 -0.009698 0.000000 -0.025752 0.429300 -0.902795 3.700000 -0.031535 0.902296 0.429962 0.000000 0.000000 0.000000 0.000000 1.000000 
0.999871 -0.010032 0.012569 -0.000000 0.015920 0.728010 -0.685382 2.950000 -0.002275 0.685493 0.728076 0.000000 0.000000 0.000000 0.000000 1.000000 0.999871 -0.010032 0.012569 -0.000000 0.015920 0.728010 -0.685382 2.950000 -0.002275 0.685493 0.728076 0.000000 0.000000 0.000000 0.000000 1.000000 
0.988108 0.153747 0.001868 1.865081 -0.038026 0.256121 -0.965897 9.104528 -0.148982 0.954340 0.258921 0.043028 0.000000 0.000000 0.000000 1.000000 0.988108 0.153747 0.001868 1.865081 -0.038026 0.256121 -0.965897 9.104528 -0.148982 0.954340 0.258921 0.043028 0.000000 0.000000 0.000000 1.000000 
0.999838 0.006302 -0.016842 0.000000 -0.017614 0.531979 -0.846574 3.150000 0.003625 0.846734 0.532004 0.000000 0.000000 0.000000 0.000000 1.000000 0.999838 0.006302 -0.016842 0.000000 -0.017614 0.531979 -0.846574 3.150000 0.003625 0.846734 0.532004 0.000000 0.000000 0.000000 0.000000 1.000000 
0.999508 0.024271 -0.019873 0.000003 -0.030402 0.593407 -0.804328 2.950000 -0.007729 0.804537 0.593853 0.000001 0.000000 0.000000 0.000000 1.000000 0.999508 0.024271 -0.019873 0.000003 -0.030402 0.593407 -0.804328 2.950000 -0.007729 0.804537 0.593853 0.000001 0.000000 0.000000 0.000000 1.000000 
0.956956 0.194675 -0.215259 3.806263 -0.235772 0.088918 -0.967732 8.077779 -0.169253 0.976829 0.130989 0.486877 0.000000 0.000000 0.000000 1.000000 0.956956 0.194675 -0.215259 3.806263 -0.235772 0.088918 -0.967732 8.077779 -0.169253 0.976829 0.130989 0.486877 0.000000 0.000000 0.000000 1.000000 
0.999882 0.014293 0.005584 0.000000 -0.001088 0.429005 -0.903302 3.600000 -0.015306 0.903189 0.428970 0.000000 0.000000 0.000000 0.000000 1.000000 0.999882 0.014293 0.005584 0.000000 -0.001088 0.429005 -0.903302 3.600000 -0.015306 0.903189 0.428970 0.000000 0.000000 0.000000 0.000000 1.000000 
0.999563 0.028854 -0.006495 0.000000 -0.021869 0.573206 -0.819120 2.100000 -0.019912 0.818903 0.573586 0.000000 0.000000 0.000000 0.000000 1.000000 0.999563 0.028854 -0.006495 0.000000 -0.021869 0.573206 -0.819120 2.100000 -0.019912 0.818903 0.573586 0.000000 0.000000 0.000000 0.000000 1.000000 
-0.837521 -0.463843 -0.288805 -8.207789 0.442625 -0.885845 0.139146 -6.771764 -0.320378 -0.011294 0.947222 -1.512219 0.000000 0.000000 0.000000 1.000000 -0.837521 -0.463843 -0.288805 -8.207789 0.442625 -0.885845 0.139146 -6.771764 -0.320378 -0.011294 0.947222 -1.512219 0.000000 0.000000 0.000000 1.000000 
0.992288 0.001448 0.123942 0.000000 -0.074020 0.808981 0.583156 44.371464 -0.099422 -0.587833 0.802850 -0.000000 0.000000 0.000000 0.000000 1.000000 0.992288 0.001448 0.123942 0.000000 -0.074020 0.808981 0.583156 44.371464 -0.099422 -0.587833 0.802850 -0.000000 0.000000 0.000000 0.000000 1.000000 
0.932790 -0.225910 0.280832 -0.000000 0.358574 0.502943 -0.786431 44.527813 0.036420 0.834274 0.550146 0.000000 0.000000 0.000000 0.000000 1.000000 0.932790 -0.225910 0.280832 -0.000000 0.358574 0.502943 -0.786431 44.527813 0.036420 0.834274 0.550146 0.000000 0.000000 0.000000 0.000000 1.000000 
0.997580 0.002860 0.069465 0.000000 0.044043 0.747101 -0.663250 13.816866 -0.053794 0.664704 0.745167 0.000000 0.000000 0.000000 0.000000 1.000000 0.997580 0.002860 0.069465 0.000000 0.044043 0.747101 -0.663250 13.816866 -0.053794 0.664704 0.745167 0.000000 0.000000 0.000000 0.000000 1.000000 
-0.864114 0.466995 0.187675 8.207788 -0.481214 -0.875853 -0.036260 -6.771803 0.147442 -0.121645 0.981562 -1.512214 0.000000 0.000000 0.000000 1.000000 -0.864114 0.466995 0.187675 8.207788 -0.481214 -0.875853 -0.036260 -6.771803 0.147442 -0.121645 0.981562 -1.512214 0.000000 0.000000 0.000000 1.000000 
0.995729 0.001052 0.092317 0.000000 -0.065562 0.712071 0.699039 44.371391 -0.065001 -0.702106 0.709099 0.000000 0.000000 0.000000 0.000000 1.000000 0.995729 0.001052 0.092317 0.000000 -0.065562 0.712071 0.699039 44.371391 -0.065001 -0.702106 0.709099 0.000000 0.000000 0.000000 0.000000 1.000000 
0.963241 0.131626 -0.234182 -0.000000 -0.268456 0.503803 -0.821045 44.527847 0.009911 0.853732 0.520619 -0.000000 0.000000 0.000000 0.000000 1.000000 0.963241 0.131626 -0.234182 -0.000000 -0.268456 0.503803 -0.821045 44.527847 0.009911 0.853732 0.520619 -0.000000 0.000000 0.000000 0.000000 1.000000 
0.986487 -0.061007 -0.152060 0.000000 -0.103503 0.487404 -0.867020 13.816865 0.127009 0.871043 0.474503 -0.000000 0.000000 0.000000 0.000000 1.000000 0.986487 -0.061007 -0.152060 0.000000 -0.103503 0.487404 -0.867020 13.816865 0.127009 0.871043 0.474503 -0.000000 0.000000 0.000000 0.000000 1.000000 
