1.0 0.0 0.0 0.0 0.0 0.0 -1.0 0.0 0.0 1.0 0.0 -0.1712363064289093 0.0 0.0 0.0 1.0 
1.0 0.0 0.0 0.0 0.0 0.0 -1.0 0.0 0.0 1.0 0.0 0.6322767734527588 0.0 0.0 0.0 1.0 
1.0 0.0 0.0 0.0 0.0 0.0 -1.0 0.0 0.0 1.0 0.0 1.7638897895812988 0.0 0.0 0.0 1.0 
1.4901161193847656e-07 0.9969567656517029 -0.07795439660549164 0.0 -0.9999998807907104 0.0 -1.9470718370939721e-07 0.0 -1.8440186977386475e-07 0.07795438915491104 0.9969568848609924 -0.1712363213300705 0.0 0.0 0.0 1.0 
1.3383333907768247e-07 0.9999998211860657 -2.2351741790771484e-08 1.0917643308639526 -0.9999998807907104 3.552713678800501e-15 3.756454702852352e-09 -1.125006608290941e-15 1.3469261261889187e-08 7.450580596923828e-09 0.9999999403953552 -0.08586869388818741 0.0 0.0 0.0 1.0 
1.3239383633845137e-07 0.9984750747680664 -0.05520205572247505 1.9631239175796509 -0.9999998807907104 -9.020562075079397e-16 2.60770320892334e-08 6.810521825586103e-16 3.57500766767771e-08 0.055202048271894455 0.9984751343727112 -0.08586867898702621 0.0 0.0 0.0 1.0 
1.3383335328853718e-07 0.9999999403953552 -2.9802322387695312e-08 3.2913341522216797 -0.9999998807907104 -7.771561172376096e-16 4.94628871194891e-09 -4.1230498671861464e-16 1.4659097047342584e-08 2.2351741790771484e-08 0.9999999403953552 -0.01243678480386734 0.0 0.0 0.0 1.0 
1.3383335328853718e-07 0.9999999403953552 -1.6500845134714837e-08 4.396667957305908 -0.9999998807907104 -9.117932747531015e-16 4.895844174512831e-09 -1.4010300818456472e-15 1.4608652065817296e-08 9.050264537791008e-09 0.9999999403953552 -0.012436781078577042 0.0 0.0 0.0 1.0 
1.3383335328853718e-07 0.9999999403953552 -1.6500845134714837e-08 5.837345600128174 -0.9999998807907104 -9.117932747531015e-16 4.895844174512831e-09 -2.7146302699086527e-15 1.4608652065817296e-08 9.050265425969428e-09 0.9999999403953552 -0.012436768040060997 0.0 0.0 0.0 1.0 
0.7091934680938721 0.704954981803894 -0.0091233029961586 0.0 -0.7020397782325745 0.704954981803894 -0.10088863968849182 0.0 -0.06469035148620605 0.07795438170433044 0.9948558807373047 -0.1712363213300705 0.0 0.0 0.0 1.0 
0.70710688829422 0.7071067094802856 -9.313225746154785e-08 0.7719940543174744 -0.7071065902709961 0.7071068286895752 -4.470348358154297e-08 0.7719940543174744 1.2665987014770508e-07 7.450580596923828e-09 0.9999999403953552 -0.0858687162399292 0.0 0.0 0.0 1.0 
0.7045838236808777 0.7060285210609436 -0.07131269574165344 1.3881384134292603 -0.7081516981124878 0.7060286402702332 -0.00667334720492363 1.3881385326385498 0.04563732445240021 0.05520204082131386 0.9974316358566284 -0.0858687087893486 0.0 0.0 0.0 1.0 
0.7071069478988647 0.7071068286895752 -8.940696716308594e-08 2.327324151992798 -0.7071067094802856 0.70710688829422 -3.073364496231079e-08 2.327324867248535 1.30385160446167e-07 -7.450580596923828e-09 1.0 -0.012436829507350922 0.0 0.0 0.0 1.0 
0.70710688829422 0.7071068286895752 -8.363110026721188e-08 3.108912706375122 -0.7071067690849304 0.7071067690849304 -2.6933459906786084e-08 3.1089134216308594 1.2898814816253434e-07 -1.422185391675157e-08 1.0 -0.012436837889254093 0.0 0.0 0.0 1.0 
0.7071070671081543 0.7071066498756409 -8.363110737263924e-08 4.127625942230225 -0.7071065902709961 0.7071069478988647 -2.6933506092063908e-08 4.127626419067383 1.2898811974082491e-07 -1.422185214039473e-08 1.0 -0.012436858378350735 0.0 0.0 0.0 1.0 
0.9915791749954224 -9.313225746154785e-10 0.12950211763381958 0.0 0.010095261037349701 0.9969568848609924 -0.07729808241128922 0.0 -0.1291080266237259 0.07795441150665283 0.9885616898536682 -0.1712363213300705 0.0 0.0 0.0 1.0 
1.0 0.0 -2.9802322387695312e-08 6.756407655572616e-10 -1.5832483768463135e-08 1.0 -1.4156103134155273e-07 1.0917644500732422 2.9802322387695312e-08 1.4901161193847656e-08 0.9999999403953552 -0.08586867153644562 0.0 0.0 0.0 1.0 
0.9958217740058899 2.1749635426004943e-10 -0.0913182720541954 -1.2495827705905072e-09 -0.0050409832037985325 0.998475193977356 -0.05497152730822563 1.9631237983703613 0.0911790207028389 0.055202044546604156 0.9943033456802368 -0.08586863428354263 0.0 0.0 0.0 1.0 
1.0000001192092896 0.0 1.4901161193847656e-08 -9.570662040658817e-10 -1.6298145055770874e-08 0.9999998807907104 -1.4901161193847656e-07 3.2913339138031006 -3.725290298461914e-08 3.725290298461914e-09 1.0 -0.012436747550964355 0.0 0.0 0.0 1.0 
1.0000001192092896 -3.000593176705202e-11 1.9221667812985288e-08 -5.655692025818837e-10 -1.6268138836039725e-08 0.9999998807907104 -1.6920488121741073e-07 4.396667003631592 -4.157340782739993e-08 2.3918557801039242e-08 1.0 -0.01243674848228693 0.0 0.0 0.0 1.0 
1.0000001192092896 -3.0005959522627634e-11 1.9221667812985288e-08 -6.087980675140159e-10 -1.6268138836039725e-08 0.9999998807907104 -1.6920488121741073e-07 5.837344646453857 -4.157340782739993e-08 2.3918557801039242e-08 1.0 -0.01243671402335167 0.0 0.0 0.0 1.0 
0.6830627918243408 -0.7049550414085388 0.1909545361995697 0.0 0.7044029235839844 0.7049550414085388 0.08279561996459961 0.0 -0.19298148155212402 0.07795444130897522 0.9781008958816528 -0.1712363213300705 0.0 0.0 0.0 1.0 
0.7071066498756409 -0.7071070671081543 1.4901161193847656e-08 -0.7719939351081848 0.7071070075035095 0.7071068286895752 5.960464477539063e-08 0.7719939351081848 1.4901161193847656e-08 6.705522537231445e-08 1.0000001192092896 -0.08586867153644562 0.0 0.0 0.0 1.0 
0.7058026194572449 -0.7060285806655884 -0.058021917939186096 -1.3881380558013916 0.695127546787262 0.7060289978981018 -0.1353559046983719 1.3881378173828125 0.1365303248167038 0.05520200729370117 0.9890968203544617 -0.08586861193180084 0.0 0.0 0.0 1.0 
0.7071068286895752 -0.7071070075035095 -1.862645149230957e-08 -2.327324867248535 0.70710688829422 0.7071071267127991 8.940696716308594e-08 2.3273253440856934 0.0 3.3527612686157227e-08 1.0000001192092896 -0.01243666559457779 0.0 0.0 0.0 1.0 
0.70710688829422 -0.7071069478988647 -2.5018067617565976e-08 -3.1089134216308594 0.7071068286895752 0.7071071863174438 1.2585948638843547e-07 3.1089134216308594 -2.1256269633340708e-08 3.232237588690623e-09 1.0000001192092896 -0.012436733581125736 0.0 0.0 0.0 1.0 
0.70710688829422 -0.7071069478988647 -2.50180551830681e-08 -4.127626419067383 0.7071068286895752 0.7071071863174438 1.2585950059929019e-07 4.127626419067383 -2.1256283844195423e-08 3.2322389209582525e-09 1.0000001192092896 -0.012436728924512863 0.0 0.0 0.0 1.0 
-0.020020365715026855 -0.9969567060470581 0.07533968240022659 0.0 0.9664583206176758 0.0 0.25682321190834045 0.0 -0.25604167580604553 0.07795438170433044 0.9635173082351685 -0.1712363213300705 0.0 0.0 0.0 1.0 
1.2665987014770508e-07 -0.9999997019767761 -2.2351741790771484e-08 -1.091763973236084 1.0 0.0 -1.4901161193847656e-08 -3.4870251131025043e-09 0.0 -2.2351741790771484e-08 0.9999998211860657 -0.0858687311410904 0.0 0.0 0.0 1.0 
0.010039906948804855 -0.9984748959541321 0.0542813315987587 -1.9631233215332031 0.9833219647407532 1.9713930488052256e-09 -0.18187344074249268 3.5706722023576276e-09 0.1815960705280304 0.05520201846957207 0.9818224310874939 -0.0858687162399292 0.0 0.0 0.0 1.0 
1.2759119272232056e-07 -0.9999996423721313 1.1175870895385742e-08 -3.2913341522216797 1.0000001192092896 9.313225746154785e-10 8.940696716308594e-08 1.7276667207966057e-08 -8.940696716308594e-08 7.450580596923828e-09 0.9999998211860657 -0.012436829507350922 0.0 0.0 0.0 1.0 
1.3046155800111592e-07 -0.9999995827674866 2.0532908706627495e-08 -4.396667003631592 1.0000001192092896 3.801691406124519e-09 -7.591012263219454e-10 8.334670731358074e-09 7.59072804612515e-10 1.6807630842663457e-08 0.9999998211860657 -0.012436801567673683 0.0 0.0 0.0 1.0 
1.3046155800111592e-07 -0.9999995231628418 2.0532906930270656e-08 -5.837344646453857 1.0000001192092896 3.801691406124519e-09 -7.59083351731249e-10 1.3811684240749855e-08 7.590549300218186e-10 1.6807627289949778e-08 0.9999998211860657 -0.012436777353286743 0.0 0.0 0.0 1.0 
-0.6877490282058716 -0.704954981803894 -0.17331981658935547 0.0 0.6525818109512329 -0.7049550414085388 0.27780452370643616 0.0 -0.31802240014076233 0.07795441150665283 0.9448729753494263 -0.1712363213300705 0.0 0.0 0.0 1.0 
-0.7071065306663513 -0.7071070075035095 1.043081283569336e-07 -0.7719940543174744 0.7071069478988647 -0.7071065902709961 -8.940696716308594e-08 -0.7719941139221191 1.1920928955078125e-07 -7.450580596923828e-09 1.0000001192092896 -0.08586868643760681 0.0 0.0 0.0 1.0 
-0.6798627376556396 -0.7060285806655884 0.19826824963092804 -1.3881382942199707 0.6975549459457397 -0.7060286998748779 -0.12223194539546967 -1.3881380558013916 0.22628234326839447 0.05520205199718475 0.9724964499473572 -0.08586869388818741 0.0 0.0 0.0 1.0 
-0.7071066498756409 -0.70710688829422 4.470348358154297e-08 -2.327324867248535 0.7071067094802856 -0.70710688829422 -2.2351741790771484e-08 -2.327324867248535 1.4901161193847656e-08 7.450580596923828e-09 1.0000001192092896 -0.012436866760253906 0.0 0.0 0.0 1.0 
-0.7071066498756409 -0.70710688829422 -1.6671215519181715e-08 -3.1089131832122803 0.7071067094802856 -0.70710688829422 3.4885761834857476e-08 -3.108912944793701 -6.897035120800865e-08 4.525136709787603e-09 1.0000001192092896 -0.012436782009899616 0.0 0.0 0.0 1.0 
-0.7071066498756409 -0.70710688829422 -1.667122617732275e-08 -4.127625942230225 0.7071067094802856 -0.70710688829422 3.4885765387571155e-08 -4.127625465393066 -6.897036541886337e-08 4.5251313807170845e-09 1.0000001192092896 -0.012436775490641594 0.0 0.0 0.0 1.0 
-0.9250632524490356 1.862645149230957e-09 -0.3798130452632904 0.0 -0.02960810996592045 -0.9969566464424133 0.07211265712976456 0.0 -0.3786572515964508 0.07795440405607224 0.9222481846809387 -0.1712363213300705 0.0 0.0 0.0 1.0 
-1.0 -3.725290298461914e-09 2.9802322387695312e-08 -2.0055905824989395e-09 -3.91155481338501e-08 -0.9999997019767761 -2.2351741790771484e-08 -1.0917643308639526 5.960464477539063e-08 2.9802322387695312e-08 1.0 -0.08586867898702621 0.0 0.0 0.0 1.0 
-0.9626059532165527 -1.143139582993058e-09 0.2709054946899414 1.7850296796240173e-09 0.014954473823308945 -0.9984748959541321 0.05313774570822716 -1.9631237983703613 0.27049243450164795 0.05520202964544296 0.9611381888389587 -0.08586865663528442 0.0 0.0 0.0 1.0 
-1.0 0.0 2.9802322387695312e-08 1.7193068302390202e-08 -4.0978193283081055e-08 -0.9999997019767761 -1.862645149230957e-08 -3.2913341522216797 0.0 2.60770320892334e-08 1.0 -0.012436725199222565 0.0 0.0 0.0 1.0 
-1.0 -4.5735495252108294e-11 -9.512262977295904e-09 4.997176006327209e-10 -4.0932459199893856e-08 -0.9999997019767761 -1.1734661242712718e-08 -4.396667957305908 -3.931458536499122e-08 3.296882766790077e-08 1.0 -0.012436714954674244 0.0 0.0 0.0 1.0 
-1.0 -4.5736157916476117e-11 -9.512262977295904e-09 4.3382750170017914e-10 -4.0932459199893856e-08 -0.9999997019767761 -1.1734661242712718e-08 -5.837345123291016 -3.931458536499122e-08 3.296882766790077e-08 1.0 -0.012436667457222939 0.0 0.0 0.0 1.0 
-0.6111101508140564 0.7049551010131836 -0.359976202249527 0.0 -0.6595121622085571 -0.7049550414085388 -0.2609255313873291 0.0 -0.437707781791687 0.07795450091362 0.8957315683364868 -0.1712363213300705 0.0 0.0 0.0 1.0 
-0.7071069478988647 0.7071067690849304 2.384185791015625e-07 0.7719941735267639 -0.7071066498756409 -0.7071069478988647 4.470348358154297e-08 -0.7719941139221191 2.086162567138672e-07 -5.21540641784668e-08 1.0 -0.08586858212947845 0.0 0.0 0.0 1.0 
-0.6834784746170044 0.7060287594795227 0.18542085587978363 1.388137936592102 -0.6589165925979614 -0.7060286402702332 0.25952374935150146 -1.3881380558013916 0.3141436278820038 0.055202092975378036 0.9477692246437073 -0.08586862683296204 0.0 0.0 0.0 1.0 
-0.7071070075035095 0.7071069478988647 2.5331974029541016e-07 2.327324390411377 -0.7071067690849304 -0.7071069478988647 1.4901161193847656e-07 -2.327324867248535 3.8743019104003906e-07 1.4901161193847656e-08 0.9999999403953552 -0.01243656873703003 0.0 0.0 0.0 1.0 
-0.7071070075035095 0.7071069478988647 1.0050570153907756e-07 3.1089134216308594 -0.7071067690849304 -0.7071069478988647 -1.2991009157303779e-08 -3.1089134216308594 1.6482124465255765e-07 8.403819862223827e-09 0.9999999403953552 -0.01243667397648096 0.0 0.0 0.0 1.0 
-0.7071070075035095 0.7071069478988647 1.0050579390963321e-07 4.127625942230225 -0.7071067690849304 -0.7071069478988647 -1.2990913234034451e-08 -4.127625942230225 1.648213867611048e-07 8.403820750402247e-09 0.9999999403953552 -0.01243666186928749 0.0 0.0 0.0 1.0 
