1.0 
1.0 
1.0 
1.0 
1.0 
1.0 
1.0 
1.0 
1.0 
1.0 
1.0 
1.0 
1.0 
1.0 
1.0 
1.0 
1.0 
1.0 
1.0 
1.0 
1.0 
1.0 
1.0 
1.0 
1.0 
1.0 
1.0 
1.0 
1.0 
1.0 
1.0 
1.0 
1.0 
1.0 
1.0 
1.0 
1.0 
1.0 
1.0 
1.0 
1.0 
1.0 
1.0 
1.0 
1.0 
1.0 
1.0 
1.0 
1.0 
1.0 
1.0 
1.0 
1.0 
1.0 
1.0 
1.0 
1.0 
1.0 
1.0 
1.0 
1.0 
1.0 
1.0 
1.0 
1.0 
1.0 
1.0 
1.0 
1.0 
1.0 
1.0 
1.0 
1.0 
1.0 
1.0 
1.0 
1.0 
1.0 
0.9009 0.0991 
0.9013 0.0987 
0.5085 0.4915 
0.4948 0.5052 
0.4896 0.5104 
0.4851 0.5149 
0.491 0.509 
0.8535 0.1465 
0.9007 0.0993 
1.0 
1.0 
1.0 
1.0 
1.0 
1.0 
1.0 
1.0 
1.0 
0.2247 0.7753 
0.2443 0.7557 
0.2243 0.7757 
0.2202 0.7798 
0.2166 0.7834 
0.2229 0.7771 
0.2233 0.7767 
0.2249 0.7751 
0.2391 0.7609 
0.109 0.891 
0.1016 0.8984 
0.1 0.9 
0.1 0.9 
0.109 0.891 
1.0 
1.0 
1.0 
1.0 
1.0 
1.0 
1.0 
1.0 
1.0 
1.0 
1.0 
1.0 
1.0 
1.0 
1.0 
1.0 
1.0 
1.0 
0.5227 0.4773 
0.5167 0.4833 
0.502 0.498 
0.4928 0.5072 
0.4913 0.5087 
0.4734 0.5266 
0.4777 0.5223 
0.4917 0.5083 
0.503 0.497 
0.225 0.775 
0.225 0.775 
0.225 0.775 
0.225 0.775 
0.225 0.775 
0.225 0.775 
0.225 0.775 
0.225 0.775 
0.225 0.775 
1.0 
1.0 
1.0 
1.0 
1.0 
1.0 
1.0 
1.0 
1.0 
1.0 
1.0 
1.0 
1.0 
1.0 
1.0 
1.0 
1.0 
1.0 
0.937 0.063 
0.9387 0.0613 
0.9419 0.0581 
0.9426 0.0574 
0.9441 0.0559 
0.9433 0.0567 
0.9364 0.0636 
0.9377 0.0623 
0.9334 0.0666 
0.7356 0.2644 
0.7431 0.2569 
0.7624 0.2376 
0.7645 0.2355 
0.7607 0.2393 
0.7527 0.2473 
0.7429 0.2571 
0.7416 0.2584 
0.7202 0.2798 
0.0331 0.9669 
0.041 0.959 
0.0492 0.9508 
0.0527 0.9473 
0.0518 0.9482 
0.0468 0.9532 
0.0485 0.9515 
0.0444 0.9556 
0.0359 0.9641 
0.2554 0.7446 
0.2541 0.7459 
0.2495 0.7505 
0.2455 0.7545 
0.24 0.76 
0.2374 0.7626 
0.2372 0.7628 
0.2442 0.7558 
0.2496 0.7504 
0.731 0.269 
0.75 0.25 
0.53 0.47 
0.2585 0.7415 
0.0556 0.9444 
1.0 
1.0 
1.0 
1.0 
1.0 
1.0 
1.0 
1.0 
1.0 
0.0522 0.9478 
0.2509 0.7491 
0.5023 0.4977 
0.75 0.25 
0.75 0.25 
0.5311 0.4689 
0.258 0.742 
0.0544 0.9456 
1.0 
1.0 
1.0 
1.0 
1.0 
1.0 
1.0 
1.0 
1.0 
0.0512 0.9488 
0.2541 0.7459 
0.5 0.5 
0.225 0.775 
0.225 0.775 
0.225 0.775 
0.225 0.775 
0.225 0.775 
0.225 0.775 
0.225 0.775 
0.225 0.775 
0.225 0.775 
1.0 
1.0 
1.0 
1.0 
1.0 
1.0 
1.0 
1.0 
1.0 
1.0 
1.0 
1.0 
1.0 
1.0 
1.0 
1.0 
1.0 
1.0 
0.0926 0.9074 
0.0965 0.9035 
0.1043 0.8957 
0.0996 0.9004 
0.0904 0.9096 
0.0915 0.9085 
0.0977 0.9023 
0.1139 0.8861 
0.0914 0.9086 
0.225 0.775 
0.225 0.775 
0.2231 0.7769 
0.2086 0.7914 
0.2138 0.7862 
0.225 0.775 
0.225 0.775 
0.2233 0.7767 
0.225 0.775 
0.0643 0.9357 
0.1032 0.8968 
0.1 0.9 
0.1 0.9 
1.0 
1.0 
1.0 
1.0 
1.0 
1.0 
1.0 
1.0 
1.0 
1.0 
1.0 
1.0 
1.0 
1.0 
1.0 
1.0 
1.0 
1.0 
1.0 
1.0 
1.0 
1.0 
1.0 
1.0 
1.0 
1.0 
1.0 
1.0 
1.0 
1.0 
1.0 
1.0 
1.0 
1.0 
1.0 
1.0 
1.0 
1.0 
1.0 
1.0 
1.0 
1.0 
1.0 
1.0 
1.0 
1.0 
1.0 
1.0 
1.0 
1.0 
1.0 
1.0 
1.0 
1.0 
1.0 
1.0 
1.0 
1.0 
1.0 
1.0 
1.0 
1.0 
1.0 
1.0 
1.0 
1.0 
1.0 
1.0 
1.0 
1.0 
1.0 
1.0 
1.0 
1.0 
1.0 
1.0 
0.682 0.318 
0.0985 0.9015 
0.0981 0.9019 
0.7071 0.1786 0.1143 
0.7532 0.2468 
0.0973 0.9027 
0.0993 0.9007 
0.713 0.287 
0.7634 0.1192 0.1174 
0.1283 0.8717 
0.0977 0.9023 
0.7703 0.2297 
0.0952 0.9048 
0.4515 0.0676 0.4809 
0.9667 0.0333 
0.4881 0.5119 
0.4881 0.5119 
0.9792 0.0208 
1.0 
0.4881 0.5119 
0.4881 0.5119 
0.9833 0.0167 
0.9819 0.0181 
0.4881 0.5119 
0.4881 0.5119 
1.0 
0.4881 0.5119 
0.9785 0.0215 
0.6969 0.3031 
0.6969 0.3031 
0.6969 0.3031 
0.6969 0.3031 
1.0 
1.0 
1.0 
1.0 
1.0 
1.0 
1.0 
1.0 
1.0 
1.0 
1.0 
0.7643 0.2357 
0.0974 0.9026 
1.0 
0.4881 0.5119 
0.6969 0.3031 
1.0 
1.0 
0.6969 0.3031 
0.6969 0.3031 
0.6969 0.3031 
1.0 
1.0 
1.0 
1.0 
0.6782 0.3218 
0.2426 0.7574 
0.2441 0.7559 
0.7275 0.1194 0.1531 
0.243 0.757 
0.2461 0.7539 
0.716 0.1112 0.1728 
0.2356 0.7644 
0.2327 0.7673 
0.763 0.237 
0.2409 0.7591 
0.6478 0.0994 0.2528 
1.0 
0.4635 0.5 0.0365 
0.4635 0.5 0.0365 
1.0 
1.0 
0.4635 0.5 0.0365 
0.4635 0.5 0.0365 
1.0 
1.0 
0.4635 0.5 0.0365 
0.4635 0.5 0.0365 
1.0 
0.4635 0.5 0.0365 
1.0 
0.4748 0.5252 
0.4748 0.5252 
0.4748 0.5252 
0.4748 0.5252 
1.0 
1.0 
1.0 
1.0 
1.0 
1.0 
1.0 
1.0 
1.0 
1.0 
1.0 
0.2346 0.7654 
1.0 
0.4635 0.5 0.0365 
0.4748 0.5252 
1.0 
1.0 
0.4748 0.5252 
0.4748 0.5252 
0.4748 0.5252 
1.0 
1.0 
1.0 
1.0 
1.0 
1.0 
1.0 
1.0 
1.0 
0.3584 0.6416 
1.0 
1.0 
0.3431 0.6569 
0.3814 0.6186 
1.0 
0.5057 0.4943 
1.0 
1.0 
0.499 0.501 
0.5086 0.4914 
1.0 
1.0 
0.495 0.505 
1.0 
0.486 0.514 
0.5004 0.4996 
1.0 
0.4902 0.5098 
1.0 
0.482 0.518 
1.0 
1.0 
1.0 
1.0 
1.0 
1.0 
1.0 
1.0 
1.0 
1.0 
1.0 
1.0 
0.7206 0.2794 
0.75 0.125 0.125 
1.0 
0.9817 0.0183 
0.9652 0.0348 
1.0 
1.0 
0.7563 0.2437 
1.0 
1.0 
0.7524 0.122 0.1256 
0.7408 0.2592 
1.0 
1.0 
1.0 
1.0 
0.6827 0.2053 0.112 
0.099 0.901 
0.0948 0.8792 0.026 
0.469 0.5 0.031 
0.4771 0.5229 
0.4925 0.5075 
0.4823 0.5 0.0177 
0.502 0.498 
0.4671 0.5329 
0.4835 0.5165 
0.479 0.5 0.021 
0.5151 0.4849 
0.0262 0.5 0.4738 
0.0325 0.5 0.4675 
0.5214 0.4786 
0.4809 0.5191 
0.5023 0.4977 
1.0 
1.0 
0.0402 0.9598 
1.0 
1.0 
1.0 
0.0629 0.9371 
1.0 
1.0 
0.0242 0.9758 
1.0 
0.0998 0.9002 
0.5154 0.4846 
0.0225 0.5 0.4775 
0.0254 0.9746 
1.0 
0.0935 0.8739 0.0326 
0.7341 0.2659 
0.1362 0.8638 
0.371 0.629 
0.0989 0.3099 0.5912 
0.7439 0.2561 
1.0 
0.7957 0.1664 0.0379 
0.7448 0.2552 
0.0963 0.8851 0.0186 
0.7482 0.2518 
0.1261 0.8739 
0.0997 0.9003 
1.0 
1.0 
1.0 
1.0 
0.0977 0.9023 
0.1385 0.8615 
0.0986 0.9014 
0.0979 0.9021 
0.1403 0.8597 
0.0984 0.9016 
0.1266 0.8734 
0.957 0.043 
0.4621 0.5 0.0379 
0.4621 0.5 0.0379 
0.957 0.043 
0.957 0.043 
0.4621 0.5 0.0379 
0.4621 0.5 0.0379 
0.957 0.043 
0.957 0.043 
0.4621 0.5 0.0379 
0.4621 0.5 0.0379 
0.957 0.043 
0.4621 0.5 0.0379 
0.957 0.043 
0.5 0.5 
0.5 0.5 
0.5 0.5 
0.5 0.5 
1.0 
1.0 
1.0 
1.0 
1.0 
1.0 
1.0 
1.0 
1.0 
1.0 
1.0 
0.0986 0.9014 
0.957 0.043 
0.4621 0.5 0.0379 
0.5 0.5 
1.0 
1.0 
0.5 0.5 
0.5 0.5 
0.5 0.5 
1.0 
0.9664 0.0336 
0.9655 0.0345 
1.0 
1.0 
1.0 
1.0 
1.0 
1.0 
1.0 
1.0 
1.0 
1.0 
1.0 
0.0996 0.9004 
0.0993 0.9007 
1.0 
0.5 0.5 
0.5063 0.4937 
1.0 
1.0 
1.0 
0.1034 0.8966 
0.1017 0.8983 
1.0 
0.5 0.5 
0.5 0.5 
0.4963 0.5037 
0.1053 0.8947 
1.0 
1.0 
1.0 
0.5115 0.4885 
0.0994 0.9006 
1.0 
1.0 
1.0 
0.0992 0.9008 
0.099 0.901 
1.0 
0.4956 0.5044 
0.499 0.501 
0.0992 0.9008 
0.4994 0.5006 
1.0 
1.0 
1.0 
1.0 
1.0 
0.1068 0.8932 
1.0 
0.982 0.018 
1.0 
1.0 
1.0 
1.0 
1.0 
1.0 
1.0 
1.0 
1.0 
1.0 
1.0 
1.0 
1.0 
1.0 
1.0 
1.0 
1.0 
1.0 
1.0 
1.0 
1.0 
1.0 
1.0 
1.0 
0.9745 0.0255 
1.0 
1.0 
1.0 
1.0 
1.0 
0.099 0.901 
0.4945 0.5055 
1.0 
1.0 
0.0991 0.9009 
0.1 0.9 
0.4934 0.5066 
0.493 0.507 
0.0971 0.9029 
0.4913 0.5087 
0.7424 0.2576 
0.4935 0.5065 
0.4902 0.5098 
0.836 0.164 
0.8071 0.1929 
0.4914 0.5086 
0.0233 0.7383 0.2384 
0.7604 0.2396 
0.0871 0.7407 0.1722 
0.1217 0.7504 0.1279 
0.8231 0.1769 
0.3076 0.5245 0.1679 
0.3425 0.392 0.2655 
0.0954 0.7341 0.1705 
0.225 0.7246 0.0504 
0.719 0.281 
0.5615 0.3444 0.0941 
0.3399 0.6601 
0.2189 0.6911 0.09 
0.167 0.3794 0.4536 
1.0 
1.0 
0.3027 0.6473 0.05 
0.0993 0.9007 
1.0 
1.0 
0.0995 0.9005 
0.5145 0.4855 
0.5056 0.4944 
1.0 
1.0 
1.0 
1.0 
0.6571 0.3429 
0.4898 0.5102 
0.5215 0.4785 
0.108 0.892 
0.0618 0.9382 
0.1231 0.8769 
0.0696 0.9304 
0.1057 0.8943 
0.1098 0.8902 
0.7567 0.2433 
0.7569 0.2431 
0.1287 0.8713 
0.1359 0.8641 
0.9514 0.0486 
0.9517 0.0483 
0.0923 0.9077 
0.0411 0.9107 0.0482 
0.1587 0.8413 
0.0598 0.8918 0.0484 
0.1888 0.8112 
0.0732 0.8787 0.0481 
0.1834 0.8166 
0.0642 0.8875 0.0483 
0.1094 0.8906 
0.0412 0.9105 0.0483 
0.7573 0.2427 
0.1075 0.8925 
0.7583 0.2417 
0.1108 0.8892 
0.7565 0.2435 
0.1049 0.8951 
0.1036 0.8964 
0.757 0.243 
0.1039 0.8961 
0.7568 0.2432 
0.1041 0.8959 
0.7565 0.2435 
1.0 
1.0 
0.1317 0.8683 
0.1116 0.8884 
0.0603 0.9397 
0.0157 0.9361 0.0482 
0.7568 0.2432 
0.1097 0.8903 
1.0 
0.0174 0.9345 0.0481 
0.0701 0.9299 
0.7567 0.2433 
0.1026 0.8974 
1.0 
1.0 
1.0 
1.0 
1.0 
1.0 
1.0 
1.0 
1.0 
0.0194 0.9323 0.0483 
0.0842 0.9158 
0.0967 0.9033 
0.1252 0.8748 
0.1305 0.8695 
0.1624 0.8376 
0.1397 0.8603 
0.1717 0.8283 
0.1483 0.8517 
0.1861 0.8139 
0.1778 0.8222 
0.1458 0.8542 
0.184 0.816 
0.15 0.85 
0.1572 0.8428 
0.1778 0.8222 
0.1403 0.8597 
0.1741 0.8259 
0.211 0.789 
0.2277 0.7723 
0.2451 0.7549 
0.2519 0.7481 
0.2277 0.7723 
0.2384 0.7616 
0.2433 0.7567 
0.1212 0.8788 
0.1178 0.8822 
0.1456 0.8544 
0.1913 0.8087 
0.3009 0.6991 
0.3351 0.6649 
0.3343 0.6657 
0.262 0.738 
0.2728 0.7272 
0.3358 0.6642 
0.3567 0.6433 
0.3666 0.6334 
0.3058 0.6942 
0.3351 0.6649 
0.3519 0.6481 
0.3516 0.6484 
0.7484 0.2516 
0.7501 0.2499 
0.746 0.254 
0.6501 0.3499 
0.6465 0.3535 
0.6475 0.3525 
0.6493 0.3507 
0.65 0.35 
0.6473 0.3527 
0.6498 0.3502 
0.65 0.35 
0.65 0.35 
0.088 0.912 
0.0924 0.9076 
0.1044 0.8956 
0.12 0.88 
0.1222 0.8778 
0.1316 0.8684 
0.95 0.05 
0.95 0.05 
0.95 0.05 
0.95 0.05 
0.95 0.05 
0.95 0.05 
0.95 0.05 
0.95 0.05 
0.95 0.05 
0.95 0.05 
0.95 0.05 
0.95 0.05 
1.0 
1.0 
1.0 
1.0 
1.0 
1.0 
1.0 
1.0 
1.0 
1.0 
1.0 
1.0 
1.0 
1.0 
1.0 
1.0 
1.0 
1.0 
1.0 
1.0 
1.0 
1.0 
1.0 
1.0 
1.0 
1.0 
1.0 
1.0 
1.0 
1.0 
1.0 
1.0 
1.0 
1.0 
1.0 
1.0 
1.0 
1.0 
1.0 
1.0 
1.0 
1.0 
1.0 
1.0 
1.0 
1.0 
1.0 
1.0 
1.0 
1.0 
1.0 
1.0 
1.0 
1.0 
1.0 
1.0 
1.0 
1.0 
1.0 
1.0 
1.0 
1.0 
1.0 
1.0 
1.0 
1.0 
1.0 
1.0 
1.0 
1.0 
1.0 
1.0 
1.0 
1.0 
1.0 
1.0 
1.0 
1.0 
1.0 
1.0 
1.0 
1.0 
1.0 
1.0 
1.0 
1.0 
1.0 
1.0 
1.0 
1.0 
1.0 
1.0 
1.0 
1.0 
1.0 
1.0 
1.0 
1.0 
1.0 
1.0 
1.0 
1.0 
1.0 
1.0 
1.0 
1.0 
1.0 
1.0 
1.0 
1.0 
1.0 
1.0 
1.0 
1.0 
1.0 
1.0 
1.0 
1.0 
1.0 
1.0 
1.0 
1.0 
1.0 
1.0 
1.0 
1.0 
1.0 
1.0 
1.0 
1.0 
1.0 
1.0 
1.0 
1.0 
1.0 
1.0 
1.0 
1.0 
1.0 
1.0 
1.0 
1.0 
1.0 
1.0 
1.0 
1.0 
1.0 
1.0 
1.0 
1.0 
1.0 
1.0 
1.0 
1.0 
1.0 
1.0 
1.0 
1.0 
1.0 
1.0 
1.0 
1.0 
1.0 
1.0 
1.0 
1.0 
1.0 
1.0 
1.0 
1.0 
1.0 
1.0 
1.0 
1.0 
1.0 
1.0 
1.0 
1.0 
1.0 
1.0 
1.0 
1.0 
1.0 
1.0 
1.0 
1.0 
1.0 
1.0 
1.0 
1.0 
1.0 
1.0 
1.0 
1.0 
1.0 
1.0 
1.0 
1.0 
1.0 
1.0 
1.0 
1.0 
1.0 
1.0 
1.0 
1.0 
1.0 
1.0 
1.0 
1.0 
1.0 
1.0 
1.0 
1.0 
1.0 
1.0 
1.0 
1.0 
1.0 
1.0 
1.0 
1.0 
1.0 
1.0 
1.0 
1.0 
1.0 
1.0 
1.0 
1.0 
1.0 
1.0 
1.0 
1.0 
1.0 
1.0 
1.0 
1.0 
1.0 
1.0 
1.0 
1.0 
1.0 
1.0 
1.0 
1.0 
1.0 
0.4 0.6 
0.75 0.25 
1.0 
1.0 
1.0 
0.025 0.975 
0.0743 0.1636 0.7621 
0.75 0.25 
0.25 0.75 
0.4 0.6 
0.1 0.8067 0.0933 
0.1 0.8163 0.0837 
0.25 0.75 
0.4 0.6 
1.0 
1.0 
1.0 
1.0 
1.0 
1.0 
1.0 
1.0 
1.0 
1.0 
1.0 
1.0 
1.0 
1.0 
1.0 
1.0 
1.0 
1.0 
1.0 
1.0 
1.0 
1.0 
1.0 
1.0 
1.0 
1.0 
1.0 
1.0 
1.0 
1.0 
1.0 
1.0 
1.0 
1.0 
1.0 
1.0 
1.0 
1.0 
1.0 
1.0 
1.0 
1.0 
1.0 
1.0 
1.0 
1.0 
1.0 
1.0 
1.0 
1.0 
1.0 
1.0 
1.0 
1.0 
1.0 
1.0 
1.0 
1.0 
1.0 
1.0 
1.0 
1.0 
1.0 
1.0 
1.0 
1.0 
1.0 
1.0 
1.0 
1.0 
1.0 
1.0 
1.0 
1.0 
1.0 
1.0 
1.0 
1.0 
1.0 
1.0 
1.0 
1.0 
1.0 
1.0 
1.0 
1.0 
1.0 
1.0 
1.0 
1.0 
1.0 
1.0 
1.0 
1.0 
1.0 
1.0 
1.0 
1.0 
1.0 
1.0 
1.0 
1.0 
1.0 
1.0 
1.0 
1.0 
1.0 
1.0 
1.0 
1.0 
1.0 
1.0 
1.0 
1.0 
1.0 
1.0 
1.0 
1.0 
1.0 
1.0 
1.0 
1.0 
1.0 
1.0 
1.0 
1.0 
1.0 
1.0 
1.0 
1.0 
1.0 
1.0 
1.0 
1.0 
1.0 
1.0 
1.0 
1.0 
1.0 
1.0 
1.0 
1.0 
1.0 
1.0 
1.0 
1.0 
1.0 
1.0 
1.0 
1.0 
1.0 
1.0 
1.0 
1.0 
1.0 
1.0 
1.0 
1.0 
1.0 
1.0 
1.0 
1.0 
1.0 
1.0 
1.0 
1.0 
1.0 
1.0 
1.0 
1.0 
1.0 
1.0 
1.0 
1.0 
1.0 
1.0 
1.0 
1.0 
1.0 
1.0 
1.0 
1.0 
1.0 
1.0 
1.0 
1.0 
1.0 
1.0 
1.0 
1.0 
1.0 
1.0 
1.0 
1.0 
1.0 
1.0 
1.0 
1.0 
1.0 
1.0 
1.0 
1.0 
1.0 
1.0 
1.0 
1.0 
1.0 
1.0 
1.0 
1.0 
1.0 
1.0 
1.0 
1.0 
1.0 
1.0 
1.0 
1.0 
1.0 
1.0 
1.0 
1.0 
1.0 
1.0 
1.0 
1.0 
1.0 
1.0 
1.0 
1.0 
1.0 
1.0 
1.0 
1.0 
1.0 
1.0 
0.3996 0.6004 
0.3747 0.6253 
0.3744 0.6256 
0.7499 0.2501 
0.7497 0.2503 
0.7496 0.2504 
1.0 
1.0 
1.0 
1.0 
1.0 
0.1254 0.8746 
1.0 
1.0 
1.0 
1.0 
1.0 
1.0 
1.0 
1.0 
1.0 
1.0 
1.0 
1.0 
1.0 
1.0 
1.0 
1.0 
1.0 
1.0 
1.0 
1.0 
1.0 
1.0 
1.0 
1.0 
1.0 
1.0 
1.0 
1.0 
0.1125 0.8875 
1.0 
0.2187 0.7813 
0.0301 0.9699 
0.4 0.6 
0.4 0.6 
0.2501 0.7499 
0.25 0.75 
0.5527 0.4473 
0.6521 0.3479 
0.2511 0.7489 
1.0 
0.7006 0.2994 
0.25 0.75 
0.4 0.6 
0.3502 0.6498 
0.025 0.975 
0.025 0.975 
0.025 0.975 
0.025 0.975 
0.0742 0.1626 0.7632 
0.7495 0.2505 
0.25 0.75 
0.4 0.6 
0.0725 0.164 0.7635 
0.75 0.25 
0.1 0.8077 0.0923 
0.1 0.8099 0.0901 
0.1 0.8121 0.0879 
0.1 0.8066 0.0934 
0.1 0.8065 0.0935 
0.2501 0.7499 
0.4 0.6 
0.1 0.8166 0.0834 
0.1 0.8166 0.0834 
0.1 0.8164 0.0836 
0.25 0.75 
0.25 0.75 
0.25 0.75 
0.4 0.6 
0.4 0.6 
0.4 0.6 
1.0 
1.0 
1.0 
1.0 
1.0 
1.0 
1.0 
1.0 
1.0 
1.0 
0.2983 0.7017 
0.3249 0.6751 
0.7496 0.2504 
0.1 0.8141 0.0859 
0.25 0.75 
0.4 0.6 
0.775 0.225 
0.1 0.8154 0.0846 
0.25 0.75 
0.4 0.6 
0.7742 0.2258 
0.1 0.816 0.084 
0.25 0.75 
0.4 0.6 
1.0 
1.0 
1.0 
1.0 
1.0 
1.0 
1.0 
1.0 
1.0 
1.0 
1.0 
1.0 
1.0 
1.0 
1.0 
1.0 
1.0 
1.0 
1.0 
1.0 
1.0 
1.0 
1.0 
1.0 
1.0 
1.0 
1.0 
1.0 
1.0 
1.0 
1.0 
1.0 
1.0 
1.0 
1.0 
1.0 
1.0 
1.0 
1.0 
1.0 
1.0 
1.0 
1.0 
1.0 
1.0 
1.0 
1.0 
1.0 
1.0 
1.0 
1.0 
1.0 
1.0 
1.0 
1.0 
1.0 
1.0 
1.0 
1.0 
1.0 
1.0 
1.0 
1.0 
1.0 
1.0 
1.0 
1.0 
1.0 
1.0 
1.0 
1.0 
1.0 
1.0 
1.0 
1.0 
1.0 
1.0 
1.0 
1.0 
1.0 
1.0 
1.0 
1.0 
1.0 
1.0 
1.0 
1.0 
1.0 
1.0 
1.0 
1.0 
1.0 
1.0 
1.0 
1.0 
1.0 
1.0 
1.0 
1.0 
1.0 
1.0 
1.0 
1.0 
1.0 
1.0 
1.0 
1.0 
1.0 
1.0 
1.0 
1.0 
1.0 
1.0 
1.0 
1.0 
1.0 
1.0 
1.0 
1.0 
1.0 
1.0 
1.0 
1.0 
1.0 
1.0 
1.0 
1.0 
1.0 
1.0 
1.0 
1.0 
1.0 
1.0 
1.0 
1.0 
1.0 
1.0 
1.0 
1.0 
1.0 
1.0 
1.0 
1.0 
1.0 
1.0 
1.0 
1.0 
1.0 
1.0 
1.0 
1.0 
1.0 
1.0 
1.0 
1.0 
1.0 
1.0 
1.0 
1.0 
1.0 
1.0 
1.0 
1.0 
1.0 
1.0 
1.0 
1.0 
1.0 
1.0 
1.0 
1.0 
1.0 
1.0 
1.0 
1.0 
1.0 
1.0 
1.0 
1.0 
1.0 
1.0 
1.0 
1.0 
1.0 
1.0 
1.0 
1.0 
1.0 
1.0 
1.0 
1.0 
1.0 
1.0 
1.0 
1.0 
1.0 
1.0 
1.0 
1.0 
1.0 
1.0 
1.0 
1.0 
1.0 
1.0 
1.0 
1.0 
1.0 
1.0 
1.0 
1.0 
1.0 
1.0 
1.0 
1.0 
1.0 
1.0 
1.0 
1.0 
1.0 
1.0 
1.0 
1.0 
1.0 
1.0 
1.0 
1.0 
1.0 
1.0 
1.0 
1.0 
1.0 
1.0 
1.0 
1.0 
1.0 
1.0 
1.0 
1.0 
1.0 
1.0 
1.0 
1.0 
1.0 
1.0 
1.0 
1.0 
1.0 
1.0 
1.0 
1.0 
1.0 
1.0 
1.0 
1.0 
1.0 
1.0 
1.0 
1.0 
0.4 0.6 
0.375 0.625 
0.375 0.625 
0.75 0.25 
0.75 0.25 
0.75 0.25 
1.0 
1.0 
1.0 
1.0 
0.125 0.875 
1.0 
1.0 
1.0 
1.0 
1.0 
1.0 
1.0 
1.0 
1.0 
1.0 
1.0 
1.0 
1.0 
1.0 
1.0 
1.0 
1.0 
1.0 
1.0 
1.0 
1.0 
1.0 
1.0 
1.0 
1.0 
1.0 
1.0 
1.0 
0.1 0.9 
1.0 
0.2 0.8 
1.0 
0.4 0.6 
0.4 0.6 
0.25 0.75 
0.25 0.75 
0.55 0.45 
0.65 0.35 
0.25 0.75 
1.0 
0.7 0.3 
0.25 0.75 
0.4 0.6 
0.35 0.65 
0.025 0.975 
0.025 0.975 
0.025 0.975 
0.025 0.975 
0.0742 0.1626 0.7632 
0.75 0.25 
0.25 0.75 
0.4 0.6 
0.0724 0.164 0.7636 
0.75 0.25 
0.1 0.8079 0.0921 
0.1 0.8098 0.0902 
0.1 0.8121 0.0879 
0.1 0.807 0.093 
0.1 0.8071 0.0929 
0.25 0.75 
0.4 0.6 
0.1 0.8166 0.0834 
0.1 0.8166 0.0834 
0.1 0.8164 0.0836 
0.25 0.75 
0.25 0.75 
0.25 0.75 
0.4 0.6 
0.4 0.6 
0.4 0.6 
1.0 
1.0 
1.0 
1.0 
1.0 
1.0 
1.0 
1.0 
1.0 
1.0 
0.3 0.7 
0.325 0.675 
0.75 0.25 
0.1 0.8141 0.0859 
0.25 0.75 
0.4 0.6 
0.775 0.225 
0.1 0.8154 0.0846 
0.25 0.75 
0.4 0.6 
0.775 0.225 
0.1 0.816 0.084 
0.25 0.75 
0.4 0.6 
1.0 
1.0 
1.0 
1.0 
1.0 
1.0 
1.0 
1.0 
1.0 
1.0 
1.0 
1.0 
1.0 
1.0 
1.0 
1.0 
1.0 
1.0 
1.0 
1.0 
1.0 
1.0 
1.0 
1.0 
1.0 
1.0 
1.0 
1.0 
1.0 
1.0 
1.0 
1.0 
1.0 
1.0 
1.0 
1.0 
1.0 
1.0 
1.0 
1.0 
1.0 
1.0 
1.0 
1.0 
1.0 
1.0 
1.0 
1.0 
1.0 
1.0 
1.0 
1.0 
1.0 
1.0 
1.0 
1.0 
1.0 
1.0 
1.0 
1.0 
1.0 
1.0 
1.0 
1.0 
1.0 
1.0 
1.0 
1.0 
1.0 
1.0 
1.0 
1.0 
1.0 
1.0 
1.0 
1.0 
1.0 
1.0 
1.0 
1.0 
1.0 
1.0 
1.0 
1.0 
1.0 
1.0 
1.0 
1.0 
1.0 
1.0 
1.0 
1.0 
1.0 
1.0 
1.0 
1.0 
1.0 
1.0 
1.0 
1.0 
1.0 
1.0 
1.0 
1.0 
1.0 
1.0 
1.0 
1.0 
1.0 
1.0 
1.0 
1.0 
1.0 
1.0 
1.0 
1.0 
1.0 
1.0 
1.0 
1.0 
1.0 
1.0 
1.0 
1.0 
1.0 
1.0 
1.0 
1.0 
1.0 
1.0 
1.0 
1.0 
1.0 
1.0 
1.0 
1.0 
1.0 
1.0 
1.0 
1.0 
1.0 
1.0 
1.0 
1.0 
1.0 
1.0 
1.0 
1.0 
1.0 
1.0 
1.0 
1.0 
1.0 
1.0 
1.0 
1.0 
1.0 
1.0 
1.0 
1.0 
1.0 
1.0 
1.0 
1.0 
1.0 
1.0 
1.0 
1.0 
1.0 
1.0 
1.0 
1.0 
1.0 
1.0 
1.0 
1.0 
1.0 
1.0 
1.0 
1.0 
1.0 
1.0 
1.0 
0.5 0.5 
0.5 0.5 
0.5 0.5 
0.5 0.5 
0.5 0.5 
0.5 0.5 
0.5 0.5 
0.5 0.5 
0.5 0.5 
0.5 0.5 
0.5 0.5 
0.5 0.5 
0.5 0.5 
0.5 0.5 
0.5 0.5 
0.5 0.5 
0.5 0.5 
0.5 0.5 
0.5 0.5 
0.5 0.5 
0.5 0.5 
0.5 0.5 
0.5 0.5 
0.5 0.5 
0.169 0.6368 0.1942 
0.2587 0.6026 0.1387 
0.729 0.271 
0.7026 0.2974 
0.1734 0.6366 0.19 
0.7037 0.2963 
0.1689 0.6367 0.1944 
0.7026 0.2974 
0.7294 0.2706 
0.2599 0.602 0.1381 
0.8968 0.1032 
0.9177 0.0823 
0.919 0.081 
0.9177 0.0823 
0.8968 0.1032 
0.8699 0.0287 0.1014 
0.8992 0.025 0.0758 
0.8999 0.025 0.041 0.0341 
0.8992 0.025 0.0758 
0.8697 0.0288 0.1015 
0.6271 0.3729 
0.6361 0.3639 
0.6449 0.1789 0.1762 
0.6348 0.3652 
0.6246 0.3754 
0.2882 0.7118 
0.305 0.695 
0.3298 0.3351 0.3351 
0.3065 0.6935 
0.2899 0.7101 
0.1 0.9 
0.1 0.9 
0.1 0.45 0.45 
0.1 0.9 
0.1014 0.8986 
1.0 
1.0 
0.5 0.5 
1.0 
1.0 
1.0 
1.0 
0.5 0.5 
1.0 
1.0 
0.2654 0.5988 0.1358 
0.2153 0.625 0.1597 
0.7247 0.2753 
0.701 0.299 
0.2061 0.6291 0.1648 
0.7015 0.2985 
0.7011 0.2989 
0.2151 0.6251 0.1598 
0.7249 0.2751 
0.2664 0.5982 0.1354 
0.8926 0.1074 
0.9125 0.0875 
0.9136 0.0864 
0.9124 0.0876 
0.8927 0.1073 
0.872 0.0295 0.0985 
0.9021 0.025 0.0729 
0.9032 0.025 0.0392 0.0326 
0.9021 0.025 0.0729 
0.8718 0.0296 0.0986 
0.6317 0.3683 
0.6401 0.3599 
0.6526 0.1752 0.1722 
0.6389 0.3611 
0.6289 0.3711 
0.2872 0.7128 
0.3045 0.6955 
0.3289 0.3356 0.3355 
0.3056 0.6944 
0.2871 0.7129 
0.1 0.9 
0.1 0.9 
0.1 0.45 0.45 
0.1014 0.8986 
0.1 0.9 
1.0 
1.0 
0.5 0.5 
1.0 
1.0 
1.0 
1.0 
0.5 0.5 
1.0 
1.0 
1.0 
1.0 
1.0 
1.0 
1.0 
1.0 
1.0 
1.0 
1.0 
1.0 
1.0 
1.0 
1.0 
1.0 
1.0 
1.0 
1.0 
1.0 
1.0 
1.0 
1.0 
1.0 
1.0 
1.0 
1.0 
1.0 
1.0 
1.0 
1.0 
1.0 
1.0 
1.0 
1.0 
1.0 
1.0 
1.0 
1.0 
1.0 
1.0 
1.0 
1.0 
1.0 
1.0 
1.0 
1.0 
1.0 
1.0 
1.0 
1.0 
1.0 
1.0 
1.0 
1.0 
1.0 
1.0 
1.0 
1.0 
1.0 
0.2306 0.6659 0.1035 
0.2306 0.6659 0.1035 
0.2307 0.6658 0.1035 
0.2327 0.6634 0.1039 
0.2473 0.6489 0.1038 
0.2389 0.6577 0.1034 
0.2308 0.6657 0.1035 
0.2306 0.6659 0.1035 
0.2306 0.6659 0.1035 
0.2306 0.6659 0.1035 
0.2315 0.665 0.1035 
0.2597 0.6371 0.1032 
0.4483 0.4502 0.1015 
0.3881 0.5098 0.1021 
0.2461 0.6505 0.1034 
0.231 0.6655 0.1035 
0.2306 0.6659 0.1035 
0.2306 0.6659 0.1035 
0.231 0.6654 0.1036 
0.2385 0.657 0.1045 
0.2507 0.6459 0.1034 
0.2322 0.6643 0.1035 
0.2306 0.6659 0.1035 
0.2306 0.6659 0.1035 
0.2306 0.6659 0.1035 
0.2307 0.6658 0.1035 
0.2365 0.66 0.1035 
0.3314 0.566 0.1026 
0.4719 0.4268 0.1013 
0.2917 0.6053 0.103 
0.2334 0.6631 0.1035 
0.2307 0.6658 0.1035 
0.2306 0.6659 0.1035 
0.2306 0.6659 0.1035 
0.2308 0.6657 0.1035 
0.2354 0.6599 0.1047 
0.2467 0.6487 0.1046 
0.2399 0.6566 0.1035 
0.2309 0.6656 0.1035 
0.2306 0.6659 0.1035 
0.2306 0.6659 0.1035 
0.2306 0.6659 0.1035 
0.2306 0.6659 0.1035 
0.2328 0.6636 0.1036 
0.2675 0.6292 0.1033 
0.2496 0.6471 0.1033 
0.2312 0.6653 0.1035 
0.2306 0.6659 0.1035 
0.2306 0.6659 0.1035 
0.2306 0.6659 0.1035 
0.2307 0.6658 0.1035 
0.2362 0.6603 0.1035 
0.3244 0.5729 0.1027 
0.2846 0.6124 0.103 
0.2329 0.6636 0.1035 
0.2306 0.6659 0.1035 
0.2306 0.6659 0.1035 
0.2306 0.6659 0.1035 
0.2307 0.6658 0.1035 
0.2419 0.6547 0.1034 
0.3944 0.5036 0.102 
0.3334 0.564 0.1026 
0.2359 0.6606 0.1035 
0.2307 0.6658 0.1035 
0.2306 0.6659 0.1035 
0.2306 0.6659 0.1035 
0.2309 0.6656 0.1035 
0.249 0.6477 0.1033 
0.4382 0.4602 0.1016 
0.3702 0.5275 0.1023 
0.2399 0.6567 0.1034 
0.2307 0.6658 0.1035 
0.2306 0.6659 0.1035 
0.2306 0.6659 0.1035 
0.2318 0.6644 0.1038 
0.2496 0.6424 0.108 
0.2768 0.6155 0.1077 
0.2607 0.6358 0.1035 
0.2325 0.664 0.1035 
0.2306 0.6659 0.1035 
0.2306 0.6659 0.1035 
0.2306 0.6659 0.1035 
0.2313 0.665 0.1037 
0.2446 0.6486 0.1068 
0.2658 0.6275 0.1067 
0.2532 0.6433 0.1035 
0.2317 0.6648 0.1035 
0.2306 0.6659 0.1035 
0.2306 0.6659 0.1035 
0.2306 0.6659 0.1035 
0.2317 0.6645 0.1038 
0.2428 0.6513 0.1059 
0.2519 0.6445 0.1036 
0.2327 0.6638 0.1035 
0.2306 0.6659 0.1035 
0.2306 0.6659 0.1035 
0.2306 0.6659 0.1035 
0.2306 0.6659 0.1035 
0.2309 0.6656 0.1035 
0.2429 0.6533 0.1038 
0.2711 0.6257 0.1032 
0.235 0.6615 0.1035 
0.2307 0.6658 0.1035 
0.2306 0.6659 0.1035 
0.2306 0.6659 0.1035 
0.2306 0.6659 0.1035 
0.2312 0.6653 0.1035 
0.262 0.6347 0.1033 
0.3326 0.5648 0.1026 
0.245 0.6516 0.1034 
0.2308 0.6657 0.1035 
0.2306 0.6659 0.1035 
0.2306 0.6659 0.1035 
0.2306 0.6659 0.1035 
0.232 0.6645 0.1035 
0.2886 0.6084 0.103 
0.4108 0.4873 0.1019 
0.2608 0.636 0.1032 
0.2312 0.6653 0.1035 
0.2306 0.6659 0.1035 
0.2306 0.6659 0.1035 
0.2306 0.6659 0.1035 
0.2334 0.6631 0.1035 
0.3117 0.5855 0.1028 
0.4606 0.438 0.1014 
0.2765 0.6204 0.1031 
0.2319 0.6646 0.1035 
0.2306 0.6659 0.1035 
0.2306 0.6659 0.1035 
0.2308 0.6657 0.1035 
0.2363 0.6588 0.1049 
0.2691 0.6198 0.1111 
0.2856 0.6099 0.1045 
0.24 0.6565 0.1035 
0.2309 0.6656 0.1035 
0.2306 0.6659 0.1035 
0.2306 0.6659 0.1035 
0.2307 0.6658 0.1035 
0.2344 0.6611 0.1045 
0.2606 0.6298 0.1096 
0.2749 0.621 0.1041 
0.2369 0.6596 0.1035 
0.2308 0.6657 0.1035 
0.2306 0.6659 0.1035 
1.0 
1.0 
1.0 
1.0 
1.0 
1.0 
1.0 
0.15 0.85 
0.0471 0.3579 0.595 
0.1296 0.6204 0.25 
0.2501 0.6749 0.075 
0.7504 0.2496 
1.0 
0.2958 0.7042 
1.0 
1.0 
1.0 
1.0 
1.0 
1.0 
1.0 
0.1496 0.8504 
0.0475 0.3582 0.5943 
1.0 
1.0 
0.1506 0.8494 
0.0498 0.3658 0.5844 
1.0 
1.0 
1.0 
1.0 
1.0 
1.0 
1.0 
1.0 
1.0 
1.0 
1.0 
1.0 
1.0 
0.1458 0.8542 
0.0512 0.3688 0.58 
0.152 0.848 
0.0451 0.3485 0.6064 
0.1557 0.8443 
0.0475 0.3582 0.5943 
0.16 0.84 
0.0493 0.3637 0.587 
0.1295 0.6205 0.25 
0.1302 0.6198 0.25 
0.1291 0.6209 0.25 
0.1281 0.6219 0.25 
0.1298 0.6202 0.25 
0.1297 0.6203 0.25 
0.2494 0.6755 0.0751 
0.2509 0.6744 0.0747 
0.2498 0.6748 0.0754 
0.2468 0.6766 0.0766 
0.2606 0.6658 0.0736 
0.247 0.6774 0.0756 
0.7489 0.2511 
0.8061 0.1939 
0.6634 0.3366 
0.8254 0.1746 
0.628 0.372 
0.674 0.326 
1.0 
1.0 
1.0 
0.1913 0.8087 
0.0552 0.3764 0.5684 
1.0 
0.1315 0.6185 0.25 
0.2553 0.7069 0.0378 
0.7497 0.2503 
0.3338 0.2475 0.4187 
0.0345 0.0448 0.9207 
1.0 
1.0 
1.0 
0.1029 0.2124 0.6847 
0.1416 0.6193 0.2391 
0.2282 0.7718 
0.2806 0.7194 
0.25 0.675 0.075 
0.2504 0.7121 0.0375 
0.7502 0.2498 
0.2473 0.6777 0.075 
0.2556 0.707 0.0374 
0.746 0.254 
1.0 
1.0 
1.0 
1.0 
1.0 
1.0 
1.0 
0.1572 0.8428 
0.0485 0.3629 0.5886 
1.0 
1.0 
0.1366 0.8634 
0.0451 0.3487 0.6062 
1.0 
1.0 
1.0 
1.0 
1.0 
1.0 
1.0 
1.0 
1.0 
1.0 
1.0 
1.0 
1.0 
0.1572 0.8428 
0.0475 0.3595 0.593 
0.1606 0.8394 
0.0472 0.3584 0.5944 
0.1698 0.8302 
0.0482 0.362 0.5898 
0.1773 0.8227 
0.0519 0.3752 0.5729 
0.1308 0.6192 0.25 
0.1286 0.6214 0.25 
0.1261 0.6239 0.25 
0.1282 0.6218 0.25 
0.1301 0.6199 0.25 
0.1302 0.6198 0.25 
0.2498 0.6752 0.075 
0.2491 0.6758 0.0751 
0.2503 0.6747 0.075 
0.2506 0.6745 0.0749 
0.2637 0.6634 0.0729 
0.2468 0.6776 0.0756 
0.7504 0.2496 
0.825 0.175 
0.6675 0.3325 
0.8299 0.1701 
0.6278 0.3722 
0.6707 0.3293 
1.0 
1.0 
1.0 
0.1152 0.8848 
0.0318 0.2852 0.683 
1.0 
0.1333 0.6167 0.25 
0.2486 0.7131 0.0383 
0.7525 0.2475 
0.3939 0.2852 0.3209 
0.0418 0.9582 
1.0 
1.0 
1.0 
0.1147 0.2362 0.6491 
0.1393 0.6151 0.2456 
0.2284 0.7716 
0.2805 0.7195 
0.25 0.6756 0.0744 
0.25 0.7121 0.0379 
0.7542 0.2458 
1.0 
1.0 
0.9756 0.0244 
1.0 
0.975 0.025 
1.0 
1.0 
1.0 
1.0 
1.0 
1.0 
1.0 
1.0 
1.0 
1.0 
1.0 
1.0 
1.0 
1.0 
1.0 
1.0 
1.0 
1.0 
1.0 
1.0 
1.0 
0.1496 0.8504 
0.15 0.85 
0.1533 0.8467 
0.0465 0.3552 0.5983 
0.0471 0.3578 0.5951 
0.0471 0.3578 0.5951 
1.0 
1.0 
1.0 
1.0 
0.1524 0.8476 
0.1603 0.8397 
1.0 
1.0 
1.0 
1.0 
0.0478 0.36 0.5922 
0.0554 0.3877 0.5569 
0.1637 0.8363 
0.0477 0.3589 0.5934 
0.1662 0.8338 
0.0487 0.3624 0.5889 
0.1293 0.6207 0.25 
0.129 0.621 0.25 
0.1293 0.6207 0.25 
0.1406 0.6094 0.25 
0.1305 0.6195 0.25 
0.1293 0.6207 0.25 
0.1293 0.6207 0.25 
0.7001 0.2999 
0.6986 0.3014 
0.7269 0.2731 
0.6653 0.3347 
1.0 
1.0 
1.0 
1.0 
0.1788 0.8212 
0.0533 0.3711 0.5756 
1.0 
0.1301 0.6199 0.25 
0.7869 0.2131 
0.764 0.1294 0.1066 
0.7102 0.254 0.0358 
0.0951 0.9049 
0.0592 0.3895 0.5513 
1.0 
0.0651 0.2663 0.6686 
0.0174 0.9826 
0.0906 0.2764 0.633 
0.5667 0.1277 0.2814 0.0242 
0.5647 0.1155 0.298 0.0218 
0.3941 0.043 0.4347 0.1282 
0.414 0.0359 0.4387 0.1114 
0.1241 0.3306 0.5453 
0.261 0.4756 0.2634 
0.1991 0.4501 0.3508 
0.3631 0.5025 0.1344 
0.53 0.4264 0.0436 
0.4722 0.4495 0.0783 
0.0747 0.4923 0.433 
0.1132 0.5379 0.3489 
0.2427 0.6183 0.139 
0.181 0.5779 0.2411 
0.3096 0.5976 0.0928 
0.5834 0.043 0.3544 0.0192 
0.39 0.5352 0.0748 
0.394 0.5515 0.0545 
0.5458 0.4386 0.0156 
0.2045 0.4634 0.3321 
0.2246 0.464 0.3114 
0.8951 0.1049 
0.8836 0.1164 
0.6794 0.3206 
0.8646 0.1354 
0.5319 0.4465 0.0216 
0.6251 0.0792 0.2776 0.0181 
0.0418 0.108 0.8502 
0.5993 0.4007 
0.6972 0.3028 
0.0338 0.044 0.9222 
1.0 
1.0 
0.0206 0.9794 
0.0836 0.4345 0.4819 
1.0 
1.0 
1.0 
0.9757 0.0243 
0.1921 0.4028 0.4051 
0.117 0.2081 0.6749 
0.64 0.3115 0.0485 
0.9608 0.0392 
1.0 
1.0 
0.111 0.6477 0.2141 0.0272 
0.1567 0.8433 
0.1907 0.8093 
0.2055 0.7945 
0.7847 0.2153 
0.2478 0.6765 0.0757 
0.2494 0.6758 0.0748 
0.75 0.25 
1.0 
1.0 
1.0 
1.0 
1.0 
1.0 
1.0 
1.0 
1.0 
1.0 
1.0 
1.0 
1.0 
1.0 
1.0 
1.0 
0.1509 0.8491 
0.1623 0.8377 
0.0471 0.3579 0.595 
0.047 0.3575 0.5955 
1.0 
1.0 
1.0 
1.0 
0.1436 0.8564 
0.1568 0.8432 
1.0 
1.0 
1.0 
1.0 
0.0468 0.3564 0.5968 
0.0555 0.388 0.5565 
0.1804 0.8196 
0.0486 0.3633 0.5881 
0.1854 0.8146 
0.0504 0.3698 0.5798 
0.1295 0.6205 0.25 
0.1293 0.6207 0.25 
0.1287 0.6213 0.25 
0.1285 0.6215 0.25 
0.1293 0.6207 0.25 
0.1293 0.6207 0.25 
0.6973 0.3027 
0.7263 0.2737 
0.7811 0.1863 0.0326 
0.7052 0.2794 0.0154 
0.6122 0.3878 
0.6463 0.3537 
1.0 
1.0 
1.0 
0.1181 0.8819 
0.0355 0.3031 0.6614 
1.0 
0.1288 0.6212 0.25 
0.7867 0.2133 
0.7254 0.2746 
0.781 0.1389 0.0801 
0.038 0.3523 0.6097 
0.04 0.0567 0.9033 
1.0 
0.1169 0.8831 
0.0574 0.0391 0.9035 
1.0 
0.5452 0.1 0.3307 0.0241 
0.3053 0.5111 0.1836 
0.2922 0.5043 0.2035 
0.5261 0.1 0.3427 0.0312 
0.1865 0.4508 0.3627 
0.3166 0.5167 0.1667 
0.1389 0.4444 0.4167 
0.0846 0.1512 0.7642 
0.4487 0.4927 0.0586 
0.3618 0.5094 0.1288 
0.087 0.5395 0.3735 
0.0709 0.4868 0.4423 
0.2001 0.6231 0.1768 
0.1281 0.5721 0.2998 
0.3126 0.5997 0.0877 
0.2801 0.5973 0.1226 
0.4817 0.4873 0.031 
0.4678 0.5074 0.0248 
0.306 0.6141 0.0799 
0.132 0.4304 0.4376 
0.1464 0.4194 0.4342 
0.67 0.33 
0.8823 0.1177 
0.8996 0.1004 
0.5007 0.48 0.0193 
0.8589 0.1411 
1.0 
1.0 
1.0 
0.0698 0.4373 0.4929 
1.0 
0.9757 0.0243 
0.0159 0.1424 0.2291 0.6126 
0.2033 0.4102 0.3865 
0.5838 0.3592 0.057 
0.9611 0.0389 
1.0 
0.0993 0.6361 0.2307 0.0339 
0.1511 0.8489 
0.1863 0.8137 
0.7532 0.2468 
0.25 0.675 0.075 
1.0 
1.0 
1.0 
1.0 
0.6619 0.3381 
0.5797 0.025 0.3682 0.0271 
0.0415 0.9585 
0.2014 0.4026 0.396 
0.5146 0.4133 0.0721 
0.7592 0.2246 0.0162 
0.3951 0.2898 0.3151 
0.0413 0.9587 
1.0 
1.0 
0.6872 0.046 0.2668 
0.1643 0.4344 0.4013 
0.5405 0.395 0.0645 
0.7817 0.1891 0.0292 
1.0 
0.7556 0.2108 0.0336 
0.3241 0.316 0.3599 
1.0 
1.0 
1.0 
1.0 
1.0 
1.0 
1.0 
1.0 
1.0 
1.0 
1.0 
1.0 
1.0 
1.0 
1.0 
1.0 
1.0 
1.0 
1.0 
1.0 
0.7494 0.2506 
0.2563 0.705 0.0387 
0.1323 0.6177 0.25 
0.0532 0.3712 0.5756 
0.1806 0.8194 
1.0 
1.0 
1.0 
1.0 
1.0 
1.0 
1.0 
1.0 
1.0 
0.1179 0.8821 
0.0343 0.2972 0.6685 
0.1274 0.6226 0.25 
0.2481 0.7132 0.0387 
0.7572 0.2428 
1.0 
0.2512 0.6742 0.0746 
0.2577 0.6712 0.0711 
0.2515 0.6742 0.0743 
0.2425 0.6847 0.0728 
0.242 0.6854 0.0726 
0.2508 0.6746 0.0746 
0.2602 0.6699 0.0699 
0.2501 0.6749 0.075 
0.2596 0.6702 0.0702 
0.252 0.674 0.074 
0.2527 0.6791 0.0682 
0.2487 0.6814 0.0699 
0.2455 0.682 0.0725 
0.246 0.6853 0.0687 
0.2484 0.6777 0.0739 
0.2499 0.6825 0.0676 
0.2506 0.6746 0.0748 
0.2631 0.6668 0.0701 
0.4251 0.5749 
0.4265 0.5735 
0.3989 0.6011 
0.4033 0.5967 
0.4078 0.5922 
0.4011 0.5989 
0.402 0.598 
0.4502 0.5498 
0.4569 0.5431 
0.4281 0.5719 
0.4059 0.5941 
0.3978 0.6022 
0.3927 0.6073 
0.3923 0.6077 
0.4035 0.5965 
0.4461 0.5539 
0.44 0.56 
0.4509 0.5491 
0.1589 0.7161 0.125 
0.1613 0.7137 0.125 
0.1681 0.7069 0.125 
0.1743 0.7007 0.125 
0.159 0.716 0.125 
0.1597 0.7153 0.125 
0.1606 0.7144 0.125 
0.1694 0.7056 0.125 
0.1693 0.7057 0.125 
0.1741 0.7009 0.125 
0.2018 0.6732 0.125 
0.1612 0.7138 0.125 
0.1669 0.7081 0.125 
0.164 0.711 0.125 
0.1766 0.6984 0.125 
0.1598 0.7152 0.125 
0.1597 0.7153 0.125 
0.1642 0.7108 0.125 
1.0 
0.6821 0.3179 
0.9 0.05 0.05 
0.75 0.125 0.125 
0.75 0.125 0.125 
0.8263 0.1737 
0.9 0.05 0.05 
0.55 0.225 0.225 
0.5 0.25 0.25 
0.6 0.2 0.2 
0.5 0.25 0.25 
0.5 0.25 0.25 
0.2487 0.7513 
0.1027 0.8973 
0.251 0.749 
0.6327 0.3673 
0.6809 0.3191 
0.859 0.141 
0.8658 0.1342 
0.8367 0.1633 
0.8084 0.1916 
0.783 0.217 
0.6594 0.3406 
0.7852 0.053 0.1618 
0.6698 0.3302 
0.8104 0.0944 0.0952 
0.8262 0.1258 0.048 
0.7887 0.1687 0.0426 
0.8419 0.1418 0.0163 
0.8325 0.1675 
0.7921 0.2079 
0.8188 0.1812 
0.895 0.105 
0.8986 0.1014 
0.8471 0.1529 
0.7962 0.2038 
0.8788 0.1212 
0.6376 0.3624 
0.639 0.361 
0.3384 0.6616 
0.3445 0.6555 
0.6075 0.3925 
0.5878 0.4122 
0.6753 0.3247 
0.7304 0.2696 
0.4354 0.5646 
0.1484 0.8516 
0.2487 0.7513 
0.3587 0.6413 
0.3631 0.6369 
0.1844 0.8156 
0.1509 0.8491 
0.146 0.854 
0.1542 0.8458 
0.3098 0.6902 
0.1618 0.8382 
0.3754 0.6246 
0.1222 0.8778 
0.0382 0.9618 
1.0 
0.1765 0.8235 
0.052 0.948 
0.0484 0.9516 
0.0424 0.9576 
0.0435 0.9565 
0.117 0.883 
0.0412 0.9588 
1.0 
0.0748 0.9252 
0.0314 0.9686 
0.0574 0.9426 
0.0175 0.9825 
0.0771 0.9229 
1.0 
1.0 
0.0484 0.9516 
1.0 
0.0499 0.9501 
1.0 
1.0 
1.0 
1.0 
1.0 
1.0 
1.0 
1.0 
1.0 
1.0 
1.0 
1.0 
1.0 
1.0 
1.0 
0.5473 0.4527 
0.8163 0.1837 
0.7561 0.2439 
0.6226 0.3774 
0.5741 0.4259 
0.5185 0.4815 
0.3038 0.6962 
0.2294 0.7706 
0.4098 0.5902 
0.1732 0.8268 
0.5018 0.4982 
0.4876 0.5124 
0.3553 0.6447 
0.2238 0.7762 
0.1499 0.8501 
0.3109 0.6891 
0.1035 0.8965 
0.2153 0.7847 
0.6968 0.3032 
0.8336 0.1664 
0.9244 0.0756 
1.0 
1.0 
1.0 
1.0 
1.0 
1.0 
1.0 
1.0 
1.0 
1.0 
1.0 
1.0 
1.0 
1.0 
1.0 
1.0 
1.0 
1.0 
1.0 
1.0 
1.0 
1.0 
1.0 
1.0 
1.0 
1.0 
1.0 
1.0 
1.0 
1.0 
0.9207 0.0793 
0.9251 0.0749 
0.9259 0.0741 
0.9255 0.0745 
0.9261 0.0739 
0.9262 0.0738 
0.9228 0.0772 
0.9233 0.0767 
0.9264 0.0736 
0.9262 0.0738 
0.9221 0.0779 
0.9176 0.0824 
0.9182 0.0818 
0.9212 0.0788 
0.9216 0.0784 
0.5757 0.4243 
0.5744 0.4256 
0.5726 0.4274 
0.6575 0.3425 
0.6356 0.3644 
0.625 0.375 
0.625 0.375 
0.6075 0.3925 
0.6372 0.3628 
0.6481 0.3519 
0.641 0.359 
0.6347 0.3653 
0.625 0.375 
0.6224 0.3776 
0.6104 0.3896 
0.2874 0.7126 
0.2585 0.7415 
0.353 0.647 
0.2606 0.7394 
0.2499 0.7501 
0.2602 0.7398 
0.2794 0.7206 
0.2608 0.7392 
0.259 0.741 
0.2404 0.7596 
0.241 0.759 
0.2489 0.7511 
0.289 0.711 
0.25 0.75 
0.1033 0.8967 
0.25 0.75 
0.6323 0.3677 
0.6807 0.3193 
0.8584 0.1416 
0.8659 0.1341 
0.8366 0.1634 
0.8083 0.1917 
0.7836 0.2164 
0.6596 0.3404 
0.7817 0.0542 0.1641 
0.6673 0.3327 
0.81 0.0941 0.0959 
0.8261 0.1256 0.0483 
0.7885 0.1686 0.0429 
0.8421 0.1415 0.0164 
0.8334 0.1666 
0.7925 0.2075 
0.8188 0.1812 
0.8949 0.1051 
0.8987 0.1013 
0.8469 0.1531 
0.7943 0.2057 
0.879 0.121 
0.6383 0.3617 
0.6388 0.3612 
0.3378 0.6622 
0.346 0.654 
0.6079 0.3921 
0.5864 0.4136 
0.6749 0.3251 
0.7309 0.2691 
0.4338 0.5662 
0.15 0.85 
0.25 0.75 
0.3596 0.6404 
0.364 0.636 
0.1864 0.8136 
0.1527 0.8473 
0.1484 0.8516 
0.1573 0.8427 
0.3122 0.6878 
0.1622 0.8378 
0.3763 0.6237 
0.125 0.875 
0.0388 0.9612 
1.0 
0.1767 0.8233 
0.0519 0.9481 
0.0481 0.9519 
0.0434 0.9566 
0.0446 0.9554 
0.1162 0.8838 
0.0411 0.9589 
1.0 
0.0756 0.9244 
0.0304 0.9696 
0.0503 0.9497 
0.0172 0.9828 
0.063 0.937 
1.0 
1.0 
0.05 0.95 
1.0 
0.05 0.95 
1.0 
1.0 
1.0 
1.0 
1.0 
1.0 
1.0 
1.0 
1.0 
1.0 
1.0 
1.0 
1.0 
1.0 
1.0 
0.5385 0.4615 
0.8159 0.1841 
0.7559 0.2441 
0.6212 0.3788 
0.5712 0.4288 
0.5168 0.4832 
0.3051 0.6949 
0.2281 0.7719 
0.4087 0.5913 
0.1681 0.8319 
0.5 0.5 
0.4773 0.5227 
0.3491 0.6509 
0.1707 0.8293 
0.1499 0.8501 
0.3106 0.6894 
0.1077 0.8923 
0.1972 0.8028 
0.697 0.303 
0.8337 0.1663 
0.9242 0.0758 
1.0 
1.0 
1.0 
1.0 
1.0 
1.0 
1.0 
1.0 
1.0 
1.0 
1.0 
1.0 
1.0 
1.0 
1.0 
1.0 
1.0 
1.0 
1.0 
1.0 
1.0 
1.0 
1.0 
1.0 
1.0 
1.0 
1.0 
1.0 
1.0 
1.0 
0.925 0.075 
0.925 0.075 
0.925 0.075 
0.925 0.075 
0.925 0.075 
0.925 0.075 
0.925 0.075 
0.925 0.075 
0.925 0.075 
0.925 0.075 
0.925 0.075 
0.925 0.075 
0.925 0.075 
0.925 0.075 
0.925 0.075 
0.625 0.375 
0.625 0.375 
0.625 0.375 
0.625 0.375 
0.625 0.375 
0.625 0.375 
0.625 0.375 
0.625 0.375 
0.625 0.375 
0.625 0.375 
0.625 0.375 
0.625 0.375 
0.625 0.375 
0.625 0.375 
0.625 0.375 
0.25 0.75 
0.25 0.75 
0.25 0.75 
0.25 0.75 
0.25 0.75 
0.25 0.75 
0.2908 0.7092 
0.25 0.75 
0.25 0.75 
0.25 0.75 
0.25 0.75 
0.25 0.75 
0.25 0.75 
0.0996 0.9004 
0.0993 0.9007 
0.0993 0.9007 
0.1 0.9 
0.1 0.9 
0.1019 0.8981 
0.1023 0.8977 
0.1 0.9 
0.1 0.9 
0.1 0.9 
0.1009 0.8991 
0.1009 0.8991 
0.1011 0.8989 
1.0 
1.0 
1.0 
1.0 
1.0 
1.0 
1.0 
1.0 
1.0 
1.0 
1.0 
1.0 
1.0 
1.0 
1.0 
1.0 
1.0 
1.0 
1.0 
1.0 
1.0 
1.0 
1.0 
1.0 
1.0 
1.0 
1.0 
1.0 
1.0 
1.0 
1.0 
1.0 
1.0 
1.0 
1.0 
1.0 
1.0 
1.0 
1.0 
0.1 0.9 
0.1 0.9 
0.1 0.9 
0.1 0.9 
0.1 0.9 
0.1 0.9 
0.1 0.9 
0.1 0.9 
0.1 0.9 
0.1 0.9 
0.1 0.9 
0.1 0.9 
0.1 0.9 
1.0 
1.0 
1.0 
1.0 
1.0 
1.0 
1.0 
1.0 
1.0 
1.0 
1.0 
1.0 
1.0 
1.0 
1.0 
1.0 
1.0 
1.0 
1.0 
1.0 
1.0 
1.0 
1.0 
1.0 
1.0 
1.0 
1.0 
1.0 
1.0 
1.0 
1.0 
1.0 
1.0 
1.0 
1.0 
1.0 
1.0 
1.0 
1.0 
0.7199 0.2801 
0.3016 0.5984 0.1 
0.3107 0.5893 0.1 
0.5135 0.2425 0.244 
0.9505 0.0495 
0.2014 0.6986 0.1 
0.2668 0.6332 0.1 
0.6186 0.358 0.0234 
0.6742 0.3008 0.025 
0.7535 0.2221 0.0244 
0.7592 0.2174 0.0234 
0.7114 0.2886 
0.3061 0.5939 0.1 
0.9502 0.0498 
0.2295 0.6705 0.1 
0.2794 0.6206 0.1 
0.6092 0.3664 0.0244 
0.6759 0.2991 0.025 
0.7522 0.223 0.0248 
0.8658 0.1342 
0.917 0.083 
0.9463 0.0537 
0.9176 0.0824 
0.8671 0.1329 
0.0423 0.5875 0.3702 
0.0925 0.5892 0.3183 
0.1345 0.5707 0.2948 
0.131 0.5742 0.2948 
0.1365 0.5701 0.2934 
0.0938 0.5889 0.3173 
0.0433 0.5902 0.3665 
0.2732 0.6268 0.1 
0.2564 0.6436 0.1 
0.4743 0.2631 0.2626 
0.6663 0.3337 
0.9515 0.0485 
0.1833 0.7167 0.1 
0.2574 0.6426 0.1 
0.5982 0.3768 0.025 
0.0409 0.5818 0.3773 
0.2588 0.6412 0.1 
0.6615 0.3385 
0.9511 0.0489 
0.1934 0.7066 0.1 
0.267 0.633 0.1 
0.5983 0.3767 0.025 
0.0399 0.5763 0.3838 
1.0 
1.0 
1.0 
1.0 
1.0 
1.0 
1.0 
1.0 
1.0 
1.0 
1.0 
1.0 
1.0 
1.0 
1.0 
1.0 
1.0 
1.0 
1.0 
1.0 
1.0 
1.0 
1.0 
1.0 
1.0 
1.0 
1.0 
1.0 
1.0 
1.0 
1.0 
1.0 
1.0 
1.0 
1.0 
1.0 
1.0 
1.0 
1.0 
1.0 
1.0 
1.0 
0.1071 0.8929 
1.0 
0.1819 0.524 0.2941 
0.4387 0.5363 0.025 
0.3031 0.5219 0.175 
0.7378 0.2372 0.025 
0.5109 0.4641 0.025 
0.1839 0.6411 0.175 
0.0819 0.7043 0.2138 
0.4144 0.5606 0.025 
0.5 0.5 
1.0 
1.0 
1.0 
1.0 
1.0 
0.1842 0.8158 
1.0 
1.0 
1.0 
1.0 
1.0 
1.0 
1.0 
1.0 
0.0521 0.1956 0.7523 
0.3188 0.6812 
0.0323 0.6034 0.3643 
0.0919 0.4496 0.4585 
0.031 0.969 
0.0578 0.8682 0.074 
0.4875 0.3797 0.1328 
0.6948 0.2507 0.0545 
0.1183 0.1512 0.2353 0.4952 
0.0599 0.7929 0.1472 
0.1531 0.6017 0.2452 
0.3887 0.3349 0.2764 
0.9286 0.0714 
1.0 
1.0 
0.9271 0.0729 
0.199 0.696 0.105 
0.1992 0.7064 0.0944 
0.3941 0.6059 
0.3389 0.1515 0.5096 
0.3441 0.5826 0.0733 
0.2422 0.6068 0.151 
0.4227 0.5773 
0.5614 0.4386 
1.0 
0.9395 0.0605 
1.0 
0.0661 0.127 0.8069 
0.0891 0.3218 0.5891 
0.0277 0.058 0.9143 
1.0 
1.0 
0.0779 0.9221 
0.4084 0.4415 0.1501 
0.1123 0.1412 0.2335 0.513 
0.0734 0.0975 0.1759 0.6532 
0.5016 0.4984 
0.5007 0.4993 
0.0901 0.6994 0.2105 
0.0823 0.7046 0.2131 
0.3097 0.6903 
0.1116 0.8884 
0.1846 0.5258 0.2896 
0.1458 0.6397 0.2145 
0.4216 0.5784 
0.1256 0.6837 0.1907 
0.4358 0.5642 
0.4292 0.5708 
0.1439 0.6495 0.2066 
0.1242 0.6689 0.2069 
0.1132 0.4958 0.391 
0.4061 0.5642 0.0297 
0.412 0.5617 0.0263 
0.4381 0.5362 0.0257 
0.4286 0.5404 0.031 
0.399 0.5674 0.0336 
0.4059 0.5634 0.0307 
0.4071 0.5633 0.0296 
0.183 0.642 0.175 
0.1798 0.6452 0.175 
0.4849 0.4862 0.0289 
0.5064 0.4679 0.0257 
0.2604 0.5647 0.1749 
0.2996 0.5254 0.175 
0.7353 0.2396 0.0251 
0.7223 0.252 0.0257 
0.1887 0.6371 0.1742 
0.6098 0.3652 0.025 
0.1664 0.6532 0.1804 
0.1597 0.6531 0.1872 
0.5808 0.3942 0.025 
0.5523 0.4207 0.027 
1.0 
1.0 
0.703 0.297 
0.9009 0.0991 
1.0 
0.7499 0.2501 
1.0 
1.0 
1.0 
1.0 
1.0 
1.0 
0.1645 0.5842 0.2513 
0.6961 0.3039 
1.0 
1.0 
1.0 
1.0 
1.0 
0.5132 0.4588 0.028 
0.1777 0.6481 0.1742 
0.1123 0.6756 0.2121 
0.3985 0.5666 0.0349 
0.5023 0.4977 
0.5427 0.4573 
0.8422 0.1578 
1.0 
1.0 
0.2506 0.7005 0.0489 
0.1964 0.8036 
0.1842 0.8158 
0.0664 0.1154 0.8182 
1.0 
1.0 
1.0 
1.0 
0.2246 0.7754 
1.0 
0.0734 0.124 0.8026 
1.0 
1.0 
1.0 
1.0 
0.1093 0.8907 
1.0 
1.0 
0.072 0.119 0.809 
1.0 
1.0 
1.0 
1.0 
0.9481 0.0519 
0.0554 0.6534 0.2912 
0.7758 0.2242 
0.6264 0.3736 
0.025 0.4344 0.5406 
0.0977 0.5795 0.3228 
0.4567 0.5433 
0.2181 0.6915 0.0904 
1.0 
0.4256 0.5744 
0.6061 0.3939 
0.6255 0.3745 
0.7897 0.1913 0.019 
0.2451 0.6728 0.0821 
0.3461 0.6138 0.0401 
1.0 
1.0 
1.0 
1.0 
1.0 
1.0 
1.0 
1.0 
0.6534 0.3466 
0.6531 0.3469 
0.7506 0.2494 
0.8731 0.1269 
1.0 
1.0 
1.0 
1.0 
1.0 
1.0 
1.0 
1.0 
1.0 
0.0526 0.1974 0.75 
0.3199 0.6801 
0.0324 0.6076 0.36 
0.0925 0.4525 0.455 
0.0344 0.9656 
0.0589 0.8661 0.075 
0.4703 0.3911 0.1386 
0.6959 0.25 0.0541 
0.1202 0.1455 0.2343 0.5 
0.0568 0.7932 0.15 
0.1481 0.6019 0.25 
0.3527 0.3422 0.3051 
0.9282 0.0718 
1.0 
1.0 
0.9266 0.0734 
0.2004 0.6996 0.1 
0.2 0.707 0.093 
0.3944 0.6056 
0.3391 0.15 0.5109 
0.3423 0.5842 0.0735 
0.2423 0.6077 0.15 
0.4221 0.5779 
0.5594 0.4406 
1.0 
0.95 0.05 
1.0 
0.0686 0.1314 0.8 
0.0809 0.3191 0.6 
0.0252 0.0538 0.921 
1.0 
1.0 
0.075 0.925 
0.3895 0.45 0.1605 
0.1172 0.1444 0.2385 0.4999 
0.075 0.098 0.177 0.65 
0.5 0.5 
0.5 0.5 
0.084 0.7019 0.2141 
0.0811 0.7051 0.2138 
0.3301 0.6699 
0.1031 0.8969 
0.1833 0.5225 0.2942 
0.1536 0.6547 0.1917 
0.4285 0.5715 
0.1265 0.6877 0.1858 
0.4301 0.5699 
0.4158 0.5842 
0.1347 0.6516 0.2137 
0.118 0.6711 0.2109 
0.1133 0.5 0.3867 
0.4144 0.5606 0.025 
0.4144 0.5606 0.025 
0.4387 0.5363 0.025 
0.4387 0.5363 0.025 
0.4144 0.5606 0.025 
0.4144 0.5606 0.025 
0.4144 0.5606 0.025 
0.183 0.642 0.175 
0.1797 0.6453 0.175 
0.493 0.482 0.025 
0.5078 0.4672 0.025 
0.26 0.565 0.175 
0.2996 0.5254 0.175 
0.7356 0.2394 0.025 
0.7244 0.2506 0.025 
0.1865 0.6385 0.175 
0.6094 0.3656 0.025 
0.1698 0.6552 0.175 
0.1691 0.6559 0.175 
0.5808 0.3942 0.025 
0.5576 0.4174 0.025 
1.0 
1.0 
0.7 0.3 
0.9 0.1 
1.0 
0.75 0.25 
1.0 
1.0 
1.0 
1.0 
1.0 
1.0 
0.1626 0.5874 0.25 
0.7 0.3 
1.0 
1.0 
1.0 
1.0 
1.0 
0.5203 0.4547 0.025 
0.1757 0.6493 0.175 
0.1062 0.6773 0.2165 
0.4144 0.5606 0.025 
0.5 0.5 
0.5408 0.4592 
0.85 0.15 
1.0 
1.0 
0.25 0.7 0.05 
0.1957 0.8043 
0.1842 0.8158 
0.0661 0.1149 0.819 
1.0 
1.0 
1.0 
1.0 
0.2 0.8 
1.0 
0.0684 0.1158 0.8158 
1.0 
1.0 
1.0 
1.0 
0.1258 0.8742 
1.0 
1.0 
0.0703 0.1163 0.8134 
1.0 
1.0 
1.0 
1.0 
0.9479 0.0521 
0.0547 0.6703 0.275 
0.775 0.225 
0.625 0.375 
0.0205 0.4295 0.55 
0.097 0.5807 0.3223 
0.4562 0.5438 
0.2199 0.693 0.0871 
1.0 
0.4217 0.5783 
0.6054 0.3946 
0.625 0.375 
0.7888 0.1921 0.0191 
0.2468 0.6804 0.0728 
0.3451 0.6148 0.0401 
1.0 
1.0 
1.0 
1.0 
1.0 
1.0 
1.0 
1.0 
0.65 0.35 
0.65 0.35 
0.75 0.25 
0.8722 0.1278 
1.0 
1.0 
1.0 
1.0 
1.0 
1.0 
1.0 
1.0 
1.0 
1.0 
1.0 
1.0 
1.0 
1.0 
1.0 
1.0 
1.0 
1.0 
1.0 
1.0 
1.0 
0.0513 0.6203 0.3284 
0.056 0.594 0.35 
0.0574 0.5926 0.35 
0.0568 0.5932 0.35 
0.0604 0.5896 0.35 
0.0603 0.5897 0.35 
0.0644 0.5913 0.3443 
0.0696 0.5985 0.3319 
0.0578 0.5928 0.3494 
0.0536 0.5868 0.3596 
0.0473 0.6044 0.3483 
0.0494 0.6152 0.3354 
0.0791 0.5911 0.3298 
0.0859 0.584 0.3301 
0.0805 0.5896 0.3299 
0.0859 0.5839 0.3302 
0.079 0.5912 0.3298 
0.0509 0.6207 0.3284 
0.6667 0.3083 0.025 
0.7513 0.2237 0.025 
0.85 0.15 
0.85 0.15 
0.6094 0.3656 0.025 
0.85 0.15 
0.5524 0.4226 0.025 
0.5774 0.3976 0.025 
0.8 0.2 
0.775 0.225 
0.4837 0.4913 0.025 
0.4891 0.4859 0.025 
0.825 0.175 
0.825 0.175 
0.753 0.222 0.025 
0.85 0.15 
0.4863 0.4887 0.025 
0.825 0.175 
0.4991 0.4759 0.025 
0.825 0.175 
0.6675 0.3075 0.025 
0.85 0.15 
0.8501 0.1499 
0.7512 0.2238 0.025 
0.6095 0.3655 0.025 
0.8497 0.1503 
0.5524 0.4226 0.025 
0.7751 0.2249 
0.8001 0.1999 
0.5774 0.3976 0.025 
0.4838 0.4912 0.025 
0.8251 0.1749 
0.825 0.175 
0.4892 0.4858 0.025 
0.4993 0.4757 0.025 
0.825 0.175 
0.95 0.05 
0.95 0.05 
0.95 0.05 
0.925 0.075 
0.9 0.1 
0.975 0.025 
0.975 0.025 
0.95 0.05 
0.975 0.025 
0.95 0.05 
0.95 0.05 
0.95 0.05 
0.95 0.05 
0.9247 0.0753 
0.8996 0.1004 
0.9746 0.0254 
0.975 0.025 
0.9499 0.0501 
0.8294 0.0218 0.1488 
0.8294 0.0218 0.1488 
0.8294 0.0218 0.1488 
