1.000000 0.000088 0.000003 -0.012235 -0.000088 1.000000 -0.000000 -112.559013 -0.000003 -0.000000 1.000000 -0.284289 0.000000 0.000000 0.000000 1.000000 
1.000000 0.000000 0.000003 -0.001855 0.000000 0.999984 -0.005655 -123.220351 -0.000003 0.005655 0.999984 -0.920850 0.000000 0.000000 0.000000 1.000000 
1.000000 0.000001 0.000003 -0.001954 -0.000000 0.970003 -0.243092 -130.811523 -0.000003 0.243092 0.970003 -32.945453 0.000000 0.000000 0.000000 1.000000 
0.999264 0.038373 -0.000000 -5.699532 -0.037520 0.977060 -0.209631 -145.757515 -0.008044 0.209477 0.977781 -27.928869 0.000000 0.000000 0.000000 1.000000 
1.000000 0.000000 0.000000 0.679737 -0.000000 1.000000 0.000000 -166.957928 0.000000 -0.000000 1.000000 7.243304 0.000000 0.000000 0.000000 1.000000 
1.000000 0.000000 0.000000 0.680858 -0.000000 1.000000 0.000000 -176.826367 0.000000 -0.000000 1.000000 2.978151 0.000000 0.000000 0.000000 1.000000 
1.000000 0.000000 0.000000 0.683703 -0.000000 1.000000 0.000000 -198.749585 0.000000 -0.000000 1.000000 0.815797 0.000000 0.000000 0.000000 1.000000 
-0.001991 0.000000 -0.999998 -7.010091 0.999998 -0.000042 -0.001991 -5.709577 -0.000042 -1.000000 -0.000000 161.907283 0.000000 0.000000 0.000000 1.000000 
-0.001108 0.000001 -0.999999 -7.025002 0.999999 0.001157 -0.001108 -16.982733 0.001157 -0.999999 -0.000002 161.887044 0.000000 0.000000 0.000000 1.000000 
0.017452 0.000001 -0.999848 -7.879868 0.999848 -0.000001 0.017452 -45.981146 -0.000001 -1.000000 -0.000001 161.940542 0.000000 0.000000 0.000000 1.000000 
-0.093671 0.009535 -0.995558 -1.001505 0.995505 -0.013117 -0.093792 -73.691235 -0.013953 -0.999869 -0.008264 162.918934 0.000000 0.000000 0.000000 1.000000 
0.402849 -0.223606 -0.887532 0.532913 0.766674 -0.447213 0.460664 11.391910 -0.499923 -0.866026 -0.008726 178.840370 0.000000 0.000000 0.000000 1.000000 
0.402849 -0.223606 -0.887532 0.532911 0.766674 -0.447213 0.460664 8.291653 -0.499923 -0.866026 -0.008726 178.840372 0.000000 0.000000 0.000000 1.000000 
0.402849 -0.223606 -0.887532 0.532920 0.766674 -0.447213 0.460664 5.094588 -0.499923 -0.866026 -0.008726 178.840357 0.000000 0.000000 0.000000 1.000000 
0.620682 -0.064871 -0.781374 -43.369486 0.683944 -0.442485 0.580024 8.767106 -0.383373 -0.894426 -0.230274 173.297672 0.000000 0.000000 0.000000 1.000000 
0.017441 -0.000000 -0.999848 -5.923878 0.999848 -0.000006 0.017441 -86.998656 -0.000006 -1.000000 -0.000000 161.623856 0.000000 0.000000 0.000000 1.000000 
0.017463 -0.000000 -0.999848 -5.925918 0.999848 -0.000018 0.017463 -89.542718 -0.000018 -1.000000 -0.000000 161.624946 0.000000 0.000000 0.000000 1.000000 
0.017446 -0.000000 -0.999848 -5.924342 0.999848 -0.000000 0.017446 -92.064669 -0.000000 -1.000000 0.000000 161.623273 0.000000 0.000000 0.000000 1.000000 
0.017495 0.008003 -0.999815 -7.222301 0.999847 -0.000001 0.017496 -94.549612 0.000139 -0.999968 -0.008002 161.570750 0.000000 0.000000 0.000000 1.000000 
0.017457 -0.000000 -0.999848 -7.880149 0.999848 -0.000005 0.017457 -86.433174 -0.000005 -1.000000 -0.000000 161.940949 0.000000 0.000000 0.000000 1.000000 
0.017460 -0.000000 -0.999848 -7.880441 0.999848 -0.000021 0.017460 -89.493506 -0.000021 -1.000000 -0.000000 161.942395 0.000000 0.000000 0.000000 1.000000 
0.017460 -0.000000 -0.999848 -7.880423 0.999848 -0.000003 0.017460 -91.662366 -0.000003 -1.000000 -0.000000 161.940769 0.000000 0.000000 0.000000 1.000000 
0.016144 0.009159 -0.999828 -9.239073 0.999870 0.000008 0.016145 -94.426506 0.000156 -0.999958 -0.009157 161.861882 0.000000 0.000000 0.000000 1.000000 
0.017435 -0.000000 -0.999848 -10.050698 0.999848 -0.000012 0.017435 -86.127618 -0.000012 -1.000000 -0.000000 161.847954 0.000000 0.000000 0.000000 1.000000 
0.017480 -0.000000 -0.999847 -10.054629 0.999847 -0.000028 0.017480 -88.596909 -0.000028 -1.000000 -0.000000 161.849339 0.000000 0.000000 0.000000 1.000000 
0.017448 -0.000000 -0.999848 -10.051747 0.999848 0.000017 0.017448 -90.240648 0.000017 -1.000000 0.000000 161.845302 0.000000 0.000000 0.000000 1.000000 
0.018985 0.014793 -0.999710 -12.587916 0.999820 -0.000025 0.018987 -92.949514 0.000256 -0.999891 -0.014790 161.680688 0.000000 0.000000 0.000000 1.000000 
0.017446 -0.000000 -0.999848 -11.777851 0.999848 -0.000000 0.017446 -85.114314 -0.000000 -1.000000 0.000000 161.680830 0.000000 0.000000 0.000000 1.000000 
0.017443 -0.000000 -0.999848 -11.777575 0.999848 0.000010 0.017443 -87.697078 0.000010 -1.000000 0.000000 161.679947 0.000000 0.000000 0.000000 1.000000 
0.017457 -0.000000 -0.999848 -11.778824 0.999848 -0.000003 0.017457 -89.211654 -0.000003 -1.000000 -0.000000 161.681075 0.000000 0.000000 0.000000 1.000000 
0.016308 0.008200 -0.999833 -12.999790 0.999867 0.000007 0.016309 -90.886159 0.000140 -0.999966 -0.008199 161.579074 0.000000 0.000000 0.000000 1.000000 
0.001978 0.000001 0.999998 7.076584 -0.999998 -0.000524 0.001978 -5.598804 0.000524 -1.000000 -0.000000 161.910009 0.000000 0.000000 0.000000 1.000000 
-0.001110 0.000002 0.999999 7.024354 -0.999998 0.001342 -0.001110 -17.077180 -0.001342 -0.999999 0.000001 161.878438 0.000000 0.000000 0.000000 1.000000 
0.017452 0.000002 0.999848 7.879487 -0.999848 0.000002 0.017452 -45.989943 -0.000002 -1.000000 0.000002 161.940427 0.000000 0.000000 0.000000 1.000000 
-0.097001 -0.014809 0.995174 1.600572 -0.995176 -0.013324 -0.097200 -73.663406 0.014699 -0.999802 -0.013445 162.930677 0.000000 0.000000 0.000000 1.000000 
0.402859 0.223617 0.887525 -0.530629 -0.766664 -0.447217 0.460677 11.387146 0.499932 -0.866021 -0.008726 178.844456 0.000000 0.000000 0.000000 1.000000 
0.402853 0.223614 0.887528 -0.530489 -0.766676 -0.447202 0.460671 8.283324 0.499916 -0.866029 -0.008717 178.844620 0.000000 0.000000 0.000000 1.000000 
0.402861 0.223619 0.887523 -0.530611 -0.766655 -0.447229 0.460680 5.092354 0.499943 -0.866014 -0.008733 178.844442 0.000000 0.000000 0.000000 1.000000 
0.622191 0.062423 0.780373 43.838428 -0.683490 -0.442744 0.580362 9.186664 0.381734 -0.894473 -0.232805 173.167246 0.000000 0.000000 0.000000 1.000000 
0.017442 -0.000000 0.999848 5.924001 -0.999848 0.000006 0.017442 -87.008948 -0.000006 -1.000000 0.000000 161.622812 0.000000 0.000000 0.000000 1.000000 
0.017453 -0.000000 0.999848 5.925042 -0.999848 -0.000006 0.017453 -89.553097 0.000006 -1.000000 -0.000000 161.623891 0.000000 0.000000 0.000000 1.000000 
0.017438 -0.000000 0.999848 5.923612 -0.999848 0.000012 0.017438 -92.075066 -0.000012 -1.000000 0.000000 161.622203 0.000000 0.000000 0.000000 1.000000 
0.014699 -0.013418 0.999802 7.832873 -0.999892 0.000164 0.014702 -94.600889 -0.000362 -0.999910 -0.013414 161.517268 0.000000 0.000000 0.000000 1.000000 
0.017453 -0.000000 0.999848 7.879866 -0.999848 0.000000 0.017453 -86.442386 -0.000000 -1.000000 -0.000000 161.940533 0.000000 0.000000 0.000000 1.000000 
0.017454 -0.000000 0.999848 7.879907 -0.999848 -0.000021 0.017454 -89.501933 0.000021 -1.000000 -0.000000 161.942425 0.000000 0.000000 0.000000 1.000000 
0.017468 -0.000000 0.999847 7.881220 -0.999847 0.000016 0.017468 -91.673771 -0.000016 -1.000000 0.000000 161.939047 0.000000 0.000000 0.000000 1.000000 
0.020867 -0.013390 0.999693 10.370573 -0.999782 0.000081 0.020870 -94.571679 -0.000361 -0.999910 -0.013386 161.808506 0.000000 0.000000 0.000000 1.000000 
0.017447 -0.000000 0.999848 10.051690 -0.999848 -0.000012 0.017447 -86.135890 0.000012 -1.000000 -0.000000 161.847968 0.000000 0.000000 0.000000 1.000000 
0.017427 -0.000000 0.999848 10.049930 -0.999848 0.000028 0.017427 -88.614883 -0.000028 -1.000000 0.000000 161.844395 0.000000 0.000000 0.000000 1.000000 
0.017455 -0.000000 0.999848 10.052466 -0.999848 -0.000006 0.017455 -90.245345 0.000006 -1.000000 -0.000000 161.847424 0.000000 0.000000 0.000000 1.000000 
0.018043 -0.015226 0.999721 12.570495 -0.999837 0.000116 0.018047 -92.990324 -0.000391 -0.999884 -0.015221 161.663445 0.000000 0.000000 0.000000 1.000000 
0.017468 -0.000000 0.999847 11.779773 -0.999847 0.000012 0.017468 -85.124356 -0.000012 -1.000000 0.000000 161.679852 0.000000 0.000000 0.000000 1.000000 
0.017479 -0.000000 0.999847 11.780751 -0.999847 -0.000020 0.017479 -87.700161 0.000020 -1.000000 -0.000000 161.682654 0.000000 0.000000 0.000000 1.000000 
0.017423 -0.000000 0.999848 11.775709 -0.999848 -0.000017 0.017423 -89.218040 0.000017 -1.000000 -0.000000 161.682417 0.000000 0.000000 0.000000 1.000000 
0.013043 -0.016997 0.999770 14.123714 -0.999915 0.000202 0.013049 -91.051370 -0.000424 -0.999856 -0.016993 161.445697 0.000000 0.000000 0.000000 1.000000 
-0.999970 -0.000248 0.007697 9.794041 0.000365 -0.999884 0.015256 106.940617 0.007692 0.015258 0.999854 -1.460762 0.000000 0.000000 0.000000 1.000000 
-0.999992 -0.000007 -0.003972 9.785080 0.000289 -0.997472 -0.071054 60.389474 -0.003961 -0.071055 0.997465 3.877346 0.000000 0.000000 0.000000 1.000000 
-0.987690 -0.156425 0.000000 11.578815 0.094799 -0.598571 0.795441 8.723214 -0.124427 0.785649 0.606031 -6.529195 0.000000 0.000000 0.000000 1.000000 
-0.999726 0.018829 -0.013876 11.807906 -0.014206 -0.017522 0.999746 -12.358715 0.018582 0.999669 0.017785 -0.924390 0.000000 0.000000 0.000000 1.000000 
-0.999726 0.018829 -0.013876 11.807906 -0.014206 -0.017522 0.999746 -19.023737 0.018582 0.999669 0.017785 -0.924390 0.000000 0.000000 0.000000 1.000000 
-0.999970 -0.000321 -0.007773 -9.784345 0.000328 -1.000000 -0.000808 106.956278 -0.007773 -0.000811 0.999969 -0.260049 0.000000 0.000000 0.000000 1.000000 
-0.999976 -0.000648 0.006924 -9.768095 0.000187 -0.997795 -0.066376 60.372333 0.006952 -0.066373 0.997771 3.850642 0.000000 0.000000 0.000000 1.000000 
-0.987731 0.156162 -0.000000 -11.575575 -0.095163 -0.601909 0.792874 8.751251 0.123817 0.783147 0.609385 -6.492690 0.000000 0.000000 0.000000 1.000000 
-0.999742 -0.017997 0.013865 -11.803260 0.014180 -0.017501 0.999746 -12.223056 -0.017750 0.999685 0.017752 -0.909396 0.000000 0.000000 0.000000 1.000000 
-0.999742 -0.017997 0.013865 -11.803260 0.014180 -0.017501 0.999746 -18.900618 -0.017750 0.999685 0.017752 -0.909397 0.000000 0.000000 0.000000 1.000000 
