1.0 -0.0 0.0 -0.0 -0.0 0.0 1.0 0.1712363064289093 0.0 -1.0 0.0 -0.0 -0.0 0.0 -0.0 1.0 
1.0 -0.0 0.0 -0.0 -0.0 0.0 1.0 -0.6322767734527588 0.0 -1.0 0.0 -0.0 -0.0 0.0 -0.0 1.0 
1.0 -0.0 0.0 -0.0 -0.0 0.0 1.0 -1.7638897895812988 0.0 -1.0 0.0 -0.0 -0.0 0.0 -0.0 1.0 
1.517828529529197e-08 -1.0000001192092896 -1.9411471896546573e-07 -3.3239487606806506e-08 0.9969571232795715 1.341832671641896e-07 0.07795441895723343 0.013348626904189587 -0.07795441150665283 -1.954568773498977e-07 0.996957004070282 0.17071525752544403 -0.0 0.0 -0.0 1.0 
3.5247268631902716e-15 -1.0000001192092896 3.756455146941562e-09 3.225569256137817e-10 1.000000238418579 1.338333674993919e-07 2.2351747119842003e-08 -1.0917644500732422 -7.450582373280668e-09 1.3469262150067607e-08 1.0000001192092896 0.0858687087893486 -0.0 0.0 -0.0 1.0 
-1.4395069580785957e-09 -1.0000001192092896 2.6037273670453942e-08 5.061717267551558e-09 0.9984753131866455 1.3416547517408617e-07 0.05520206317305565 -1.9553906917572021 -0.05520205572247505 2.8387157513520833e-08 0.9984752535820007 0.19410622119903564 -0.0 0.0 -0.0 1.0 
-8.877144574032667e-16 -1.0000001192092896 4.946289600127329e-09 6.151845005630818e-11 1.0000001192092896 1.338333674993919e-07 2.980232594040899e-08 -3.2913341522216797 -2.2351743567128324e-08 1.4659097047342584e-08 1.0000001192092896 0.012436858378350735 -0.0 0.0 -0.0 1.0 
-9.56102097619566e-16 -1.0000001192092896 4.895845062691251e-09 6.089135445863647e-11 1.0000001192092896 1.338333674993919e-07 1.6500846911071676e-08 -4.396667957305908 -9.050265425969428e-09 1.4608653842174135e-08 1.0000001192092896 0.01243682112544775 -0.0 0.0 -0.0 1.0 
-9.56102097619566e-16 -1.0000001192092896 4.895845062691251e-09 6.089135445863647e-11 1.0000001192092896 1.338333674993919e-07 1.6500846911071676e-08 -5.837346076965332 -9.050266314147848e-09 1.4608653842174135e-08 1.0000001192092896 0.01243682112544775 -0.0 0.0 -0.0 1.0 
0.7091932892799377 -0.7020397782325745 -0.06469041854143143 -0.01107735000550747 0.7049548625946045 0.7049550414085388 0.0779544785618782 0.013348637148737907 -0.00912329088896513 -0.10088850557804108 0.9948557615280151 0.17035545408725739 -0.0 0.0 -0.0 1.0 
0.70710688829422 -0.7071067690849304 3.424433003829108e-08 -1.1920931797249068e-07 0.7071066498756409 0.7071069478988647 9.746459284087905e-08 -1.0917645692825317 -9.483042617830506e-08 8.429370268459024e-08 1.0000001192092896 0.0858687311410904 -0.0 0.0 -0.0 1.0 
0.7045837640762329 -0.7081518769264221 0.04563724249601364 0.008871957659721375 0.7060284614562988 0.7060288190841675 0.05520214885473251 -1.9553909301757812 -0.07131269574165344 -0.006673210766166449 0.9974318146705627 0.19390341639518738 -0.0 0.0 -0.0 1.0 
0.7071068286895752 -0.7071067690849304 4.1488309676651625e-08 3.576278402306343e-07 0.7071066498756409 0.70710688829422 8.495224079752006e-08 -3.2913336753845215 -8.692788355801895e-08 9.746457863002433e-08 1.0 0.012436805292963982 -0.0 0.0 -0.0 1.0 
0.7071067690849304 -0.7071068286895752 4.009128318216426e-08 7.152557373046875e-07 0.7071067690849304 0.70710688829422 7.81809532668376e-08 -4.39666748046875 -8.115202376757225e-08 1.0126476723826272e-07 1.0 0.012436777353286743 -0.0 0.0 -0.0 1.0 
0.7071069478988647 -0.7071066498756409 4.0091276076736904e-08 -9.5367431640625e-07 0.7071065902709961 0.7071070671081543 7.818097458311968e-08 -5.837345123291016 -8.11520308729996e-08 1.0126473171112593e-07 1.0 0.012436777353286743 -0.0 0.0 -0.0 1.0 
0.9915791153907776 0.010095261968672276 -0.1291080266237259 -0.022107984870672226 1.4901161193847656e-08 0.9969569444656372 0.07795453071594238 0.013348646461963654 0.12950211763381958 -0.07729797065258026 0.9885616898536682 0.16927766799926758 -0.0 0.0 -0.0 1.0 
1.0 -4.440892627896218e-16 2.980232594040899e-08 1.883445843731124e-09 1.5832480215749456e-08 1.0 1.4156104555240745e-07 -1.0917644500732422 -2.980232594040899e-08 -1.4901162970204496e-08 1.0000001192092896 0.08586869388818741 -0.0 0.0 -0.0 1.0 
0.9958217740058899 -0.005040955264121294 0.0911790281534195 0.017725439742207527 1.6298145055770874e-08 0.998475193977356 0.0552021786570549 -1.9553903341293335 -0.09131826460361481 -0.054971396923065186 0.9943033456802368 0.19329512119293213 -0.0 0.0 -0.0 1.0 
0.9999998807907104 5.551115123125783e-17 -1.4901159417490817e-08 7.717439465260156e-10 1.6298150384841392e-08 1.0000001192092896 1.4901162614933128e-07 -3.291334390640259 3.725289943190546e-08 -3.725290742551124e-09 1.0 0.012436759658157825 -0.0 0.0 -0.0 1.0 
0.9999998807907104 3.000639320349663e-11 -1.922166603662845e-08 1.9458600009070182e-10 1.6268145941467083e-08 1.0000001192092896 1.6920489542826544e-07 -4.39666748046875 4.1573404274686254e-08 -2.391856135375292e-08 1.0 0.012436853721737862 -0.0 0.0 -0.0 1.0 
0.9999998807907104 3.0006420959072244e-11 -1.922166603662845e-08 1.9458581967946031e-10 1.6268145941467083e-08 1.0000001192092896 1.6920489542826544e-07 -5.837345123291016 4.1573404274686254e-08 -2.391856135375292e-08 1.0 0.012436853721737862 -0.0 0.0 -0.0 1.0 
0.6830627918243408 0.7044028639793396 -0.1929815262556076 -0.0330454483628273 -0.7049551010131836 0.704954981803894 0.07795432209968567 0.013348609209060669 0.1909545660018921 0.08279547840356827 0.9781008362770081 0.16748638451099396 -0.0 0.0 -0.0 1.0 
0.7071066498756409 0.70710688829422 -5.2683560625155224e-08 -1.7881387748275301e-07 -0.7071068286895752 0.7071064710617065 -3.161011363772559e-08 -1.0917640924453735 3.687849314815139e-08 -5.795189039758952e-08 0.9999998807907104 0.08586874604225159 -0.0 0.0 -0.0 1.0 
0.7058025598526001 0.6951273083686829 0.13653022050857544 0.02654249407351017 -0.7060282230377197 0.7060284614562988 0.05520188808441162 -1.955389380455017 -0.058021899312734604 -0.13535594940185547 0.9890964031219482 0.19228263199329376 -0.0 0.0 -0.0 1.0 
0.7071067690849304 0.7071066498756409 -5.0049365540871804e-08 -1.1920921849650767e-07 -0.7071065306663513 0.7071064710617065 -7.639112453716734e-08 -3.2913336753845215 2.370759233372155e-08 -2.370758878100787e-08 0.9999998807907104 0.012436775490641594 -0.0 0.0 -0.0 1.0 
0.7071068286895752 0.7071065902709961 -7.13056209633578e-08 7.152553394007555e-07 -0.7071064710617065 0.7071065306663513 -1.0668649252920659e-07 -4.396666049957275 1.731598686660618e-08 1.2744910016238009e-08 0.9999998807907104 0.012436747550964355 -0.0 0.0 -0.0 1.0 
0.7071068286895752 0.7071065902709961 -7.130563517421251e-08 9.536737479720614e-07 -0.7071064710617065 0.7071065306663513 -1.0668649252920659e-07 -5.837343692779541 1.7315999301104057e-08 1.2744918898022206e-08 0.9999998807907104 0.012436745688319206 -0.0 0.0 -0.0 1.0 
-0.02002050168812275 0.9664584994316101 -0.2560417056083679 -0.04384364187717438 -0.9969571232795715 1.3038520307873114e-07 0.07795438915491104 0.013348621316254139 0.07533968985080719 0.25682324171066284 0.9635174870491028 0.1649891883134842 -0.0 -0.0 -0.0 1.0 
-3.3306706620622457e-16 1.0 1.4901164746561335e-08 4.766568917347058e-09 -1.0000003576278687 1.266598985694145e-07 -2.235175067255568e-08 -1.091764211654663 -2.235175244891252e-08 2.83106998334357e-15 1.000000238418579 0.0858687236905098 0.0 -0.0 -0.0 1.0 
0.010039787739515305 0.9833219647407532 0.18159615993499756 0.035302769392728806 -0.9984755516052246 1.2945389471497037e-07 0.055202044546604156 -1.9553905725479126 0.054281383752822876 -0.18187342584133148 0.9818227887153625 0.19086891412734985 -0.0 0.0 -0.0 1.0 
9.313221305262687e-10 0.9999998807907104 -8.94069742685133e-08 -1.5323310620374286e-08 -1.0000003576278687 1.2759122114403e-07 1.1175865566315224e-08 -3.2913355827331543 7.450585037815927e-09 8.94069742685133e-08 1.000000238418579 0.012436856515705585 -0.0 0.0 -0.0 1.0 
3.8016922943029385e-09 0.9999998807907104 7.591012263219454e-10 8.389547723197666e-09 -1.0000004768371582 1.3046158642282535e-07 2.053292114112537e-08 -4.396668434143066 1.6807641500804493e-08 -7.590750805697155e-10 1.000000238418579 0.012436877004802227 -0.0 0.0 -0.0 1.0 
3.801692738392148e-09 0.9999998807907104 7.590832962200977e-10 8.389548611376085e-09 -1.0000004768371582 1.3046160063368006e-07 2.053291936476853e-08 -5.837347507476807 1.6807637948090814e-08 -7.590571504678678e-10 1.000000238418579 0.012436877936124802 -0.0 0.0 -0.0 1.0 
-0.6877490878105164 0.6525818705558777 -0.31802237033843994 -0.05445697903633118 -0.704954981803894 -0.7049550414085388 0.07795444130897522 0.013348627835512161 -0.17331986129283905 0.27780455350875854 0.9448729753494263 0.16179656982421875 -0.0 0.0 -0.0 1.0 
-0.7071066498756409 0.7071070671081543 1.3697726330974547e-07 3.5762786865234375e-07 -0.7071070075035095 -0.7071065902709961 1.0536751915424247e-08 -1.0917646884918213 7.902531962145076e-08 -8.956207864230237e-08 1.0 0.08586867153644562 0.0 0.0 -0.0 1.0 
-0.6798627972602844 0.6975549459457397 0.2262822687625885 0.04398952051997185 -0.7060284614562988 -0.7060285210609436 0.05520203709602356 -1.955390214920044 0.19826824963092804 -0.12223195284605026 0.9724960923194885 0.1890558898448944 -0.0 0.0 -0.0 1.0 
-0.7071069478988647 0.7071069478988647 4.741521308915253e-08 1.1627322910913451e-15 -0.7071067690849304 -0.7071067094802856 1.580506925336067e-08 -3.2913341522216797 1.580506925336067e-08 -5.2683586382329395e-09 1.0 0.012436890974640846 -0.0 0.0 -0.0 1.0 
-0.7071069478988647 0.7071069478988647 -3.645629220727642e-08 -2.384185791015625e-07 -0.7071067690849304 -0.7071067094802856 1.2879626254402865e-08 -4.396667003631592 -4.5569656492716604e-08 5.1969166747767304e-08 1.0 0.012436801567673683 -0.0 0.0 -0.0 1.0 
-0.7071069478988647 0.7071069478988647 -3.6456306418131135e-08 -2.384185791015625e-07 -0.7071067690849304 -0.7071067094802856 1.2879620925332347e-08 -5.837344169616699 -4.556966715085764e-08 5.196917030048098e-08 1.0 0.012436801567673683 -0.0 0.0 -0.0 1.0 
-0.9250633120536804 -0.029608111828565598 -0.3786572813987732 -0.06483987718820572 4.470350134511136e-08 -0.9969572424888611 0.07795434445142746 0.013348615728318691 -0.3798130750656128 0.07211277633905411 0.9222483038902283 0.1579224020242691 0.0 0.0 -0.0 1.0 
-1.0 3.725292518907963e-09 2.9802322387695312e-08 4.620636762098229e-09 3.9115558791991134e-08 -1.0000003576278687 -2.235175067255568e-08 -1.0917646884918213 5.960464477539063e-08 2.980233304583635e-08 1.0 0.0858687087893486 0.0 0.0 -0.0 1.0 
-0.9626059532165527 0.014954539015889168 0.27049243450164795 0.05258443206548691 4.284085264316673e-08 -0.9984755516052246 0.055201973766088486 -1.9553910493850708 0.2709055244922638 0.05313781648874283 0.9611381888389587 0.1868477612733841 -0.0 0.0 -0.0 1.0 
-1.0 7.771563289958464e-16 2.9802322387695312e-08 1.756371403871526e-08 4.097820394122209e-08 -1.0000003576278687 -1.8626458597736928e-08 -3.291335105895996 -1.0685899788390684e-15 2.6077039194660756e-08 1.0 0.01243681088089943 0.0 -0.0 -0.0 1.0 
-1.0 4.5735196879670426e-11 -9.512262977295904e-09 5.824987159286366e-10 4.093246985803489e-08 -1.0000003576278687 -1.1734664795426397e-08 -4.396669387817383 -3.931458536499122e-08 3.2968838326041805e-08 1.0 0.012436860240995884 -0.0 0.0 -0.0 1.0 
-1.0 4.573585954403825e-11 -9.512262977295904e-09 5.82502657220374e-10 4.093246985803489e-08 -1.0000003576278687 -1.1734664795426397e-08 -5.837347030639648 -3.931458536499122e-08 3.2968838326041805e-08 1.0 0.012436860240995884 -0.0 0.0 -0.0 1.0 
-0.6111100912094116 -0.6595122218132019 -0.437707781791687 -0.07495146989822388 0.7049549221992493 -0.704954981803894 0.07795443385839462 0.01334862969815731 -0.359976202249527 -0.2609255313873291 0.895731508731842 0.15338177978992462 -0.0 0.0 -0.0 1.0 
-0.70710688829422 -0.7071067094802856 2.001975474286155e-07 1.7881390590446244e-07 0.7071065902709961 -0.70710688829422 -1.369772064663266e-07 -1.0917645692825317 1.8439246218804328e-07 1.1063545457545843e-07 1.0 0.08586852997541428 -0.0 0.0 -0.0 1.0 
-0.6834782958030701 -0.6589165329933167 0.314143568277359 0.06107011437416077 0.706028401851654 -0.7060284614562988 0.055201999843120575 -1.9553896188735962 0.18542078137397766 0.25952380895614624 0.9477692246437073 0.1842488944530487 -0.0 0.0 -0.0 1.0 
-0.7071067094802856 -0.7071067094802856 2.8449125011320575e-07 -3.5762778338721546e-07 0.7071065306663513 -0.7071067690849304 -7.375692945288392e-08 -3.2913334369659424 2.634178031257761e-07 2.8449125011320575e-07 1.000000238418579 0.012436619959771633 -0.0 0.0 -0.0 1.0 
-0.7071067094802856 -0.7071067094802856 6.188223267145077e-08 2.2864737497964435e-15 0.7071065306663513 -0.7071067690849304 -8.025427433722143e-08 -4.396666526794434 1.1060382121286239e-07 1.224886148065707e-07 1.000000238418579 0.01243671216070652 0.0 0.0 -0.0 1.0 
-0.7071067094802856 -0.7071067094802856 6.18823605691432e-08 3.035700649664237e-15 0.7071065306663513 -0.7071067690849304 -8.025427433722143e-08 -5.837343215942383 1.1060392068884539e-07 1.224887142825537e-07 1.000000238418579 0.01243671216070652 0.0 0.0 -0.0 1.0 
