1.000000 0.000001 0.000000 -0.000045 -0.000001 0.999917 0.012916 -104.286249 0.000000 -0.012916 0.999917 -0.207324 0.000000 0.000000 0.000000 1.000000 
1.000000 0.000000 0.000000 0.000012 -0.000000 0.989132 -0.147032 -112.964648 -0.000000 0.147032 0.989132 -18.496255 0.000000 0.000000 0.000000 1.000000 
1.000000 0.000000 0.000000 0.000012 -0.000000 0.989132 -0.147032 -122.967322 -0.000000 0.147032 0.989132 -18.496255 0.000000 0.000000 0.000000 1.000000 
1.000000 -0.000000 0.000000 0.000022 0.000000 0.992592 -0.121494 -132.722114 -0.000000 0.121494 0.992592 -15.081134 0.000000 0.000000 0.000000 1.000000 
1.000000 -0.000000 0.000000 0.000022 0.000000 0.992592 -0.121494 -149.587436 -0.000000 0.121494 0.992592 -15.081134 0.000000 0.000000 0.000000 1.000000 
1.000000 -0.000000 0.000000 0.000022 0.000000 0.992592 -0.121494 -158.929359 -0.000000 0.121494 0.992592 -17.922174 0.000000 0.000000 0.000000 1.000000 
-0.205695 -0.010191 0.978563 3.778755 -0.977364 -0.048422 -0.205948 1.851672 0.049483 -0.998775 -0.000000 144.635118 0.000000 0.000000 0.000000 1.000000 
0.000000 -0.000000 1.000000 5.548502 -1.000000 0.000000 0.000000 -15.162838 -0.000000 -1.000000 0.000000 144.061293 0.000000 0.000000 0.000000 1.000000 
0.000000 -0.000000 1.000000 5.548510 -1.000000 0.000000 0.000000 -43.004356 -0.000000 -1.000000 0.000000 144.061293 0.000000 0.000000 0.000000 1.000000 
0.000000 -0.000000 1.000000 5.548495 -1.000000 0.000000 0.000000 -71.333194 -0.000000 -1.000000 0.000000 144.061289 0.000000 0.000000 0.000000 1.000000 
0.396939 0.231208 0.888247 -1.104672 -0.767534 -0.447072 0.459367 8.376428 0.503320 -0.864100 -0.000000 160.267307 0.000000 0.000000 0.000000 1.000000 
0.383746 0.220865 0.896637 -0.658322 -0.777116 -0.447268 0.442767 3.461481 0.498829 -0.866701 -0.000000 160.287084 0.000000 0.000000 0.000000 1.000000 
0.373746 0.213272 0.902679 -0.402379 -0.784013 -0.447384 0.430315 -0.481136 0.495618 -0.868541 0.000000 160.287215 0.000000 0.000000 0.000000 1.000000 
0.553774 0.048263 0.831267 37.183796 -0.733248 -0.444795 0.514300 0.592646 0.394565 -0.894331 -0.210927 155.943923 0.000000 0.000000 0.000000 1.000000 
0.000328 -0.000000 1.000000 3.315068 -1.000000 0.000001 0.000328 -80.440568 -0.000001 -1.000000 -0.000000 143.543329 0.000000 0.000000 0.000000 1.000000 
-0.000183 -0.000000 1.000000 3.272048 -1.000000 0.000001 -0.000183 -84.142252 -0.000001 -1.000000 -0.000000 143.543329 0.000000 0.000000 0.000000 1.000000 
-0.000007 -0.000000 1.000000 3.287345 -1.000000 0.000001 -0.000007 -86.991676 -0.000001 -1.000000 -0.000000 143.543329 0.000000 0.000000 0.000000 1.000000 
-0.000181 0.002005 0.999998 2.983849 -1.000000 0.000001 -0.000181 -89.764387 -0.000001 -0.999998 0.002005 143.549633 0.000000 0.000000 0.000000 1.000000 
0.001003 -0.000000 0.999999 5.629654 -0.999999 0.000002 0.001003 -80.860369 -0.000002 -1.000000 -0.000000 144.061090 0.000000 0.000000 0.000000 1.000000 
-0.000696 -0.000000 1.000000 5.485915 -1.000000 0.000002 -0.000696 -84.569816 -0.000002 -1.000000 -0.000000 144.061090 0.000000 0.000000 0.000000 1.000000 
-0.000053 -0.000000 1.000000 5.542249 -1.000000 0.000002 -0.000053 -87.516267 -0.000002 -1.000000 -0.000000 144.061090 0.000000 0.000000 0.000000 1.000000 
-0.000385 0.001858 0.999998 5.244523 -1.000000 0.000001 -0.000385 -90.464646 -0.000002 -0.999998 0.001858 144.071137 0.000000 0.000000 0.000000 1.000000 
-0.000312 -0.000000 1.000000 7.388540 -1.000000 -0.000000 -0.000312 -80.439075 0.000000 -1.000000 -0.000000 144.018230 0.000000 0.000000 0.000000 1.000000 
0.000131 -0.000000 1.000000 7.425673 -1.000000 -0.000000 0.000131 -83.815066 0.000000 -1.000000 -0.000000 144.018230 0.000000 0.000000 0.000000 1.000000 
0.000357 -0.000000 1.000000 7.445234 -1.000000 -0.000000 0.000357 -86.703073 0.000000 -1.000000 -0.000000 144.018230 0.000000 0.000000 0.000000 1.000000 
0.001955 0.000292 0.999998 7.545969 -0.999998 0.000000 0.001955 -89.329945 0.000000 -1.000000 0.000292 144.020396 0.000000 0.000000 0.000000 1.000000 
-0.001041 -0.000000 0.999999 9.272104 -0.999999 -0.000009 -0.001041 -79.418223 0.000009 -1.000000 0.000000 143.575327 0.000000 0.000000 0.000000 1.000000 
-0.002733 -0.000000 0.999996 9.131586 -0.999996 -0.000009 -0.002733 -83.033797 0.000009 -1.000000 0.000000 143.575327 0.000000 0.000000 0.000000 1.000000 
-0.001740 -0.000000 0.999998 9.216166 -0.999998 -0.000009 -0.001740 -85.124682 0.000009 -1.000000 0.000000 143.575327 0.000000 0.000000 0.000000 1.000000 
-0.001657 0.003139 0.999994 8.772647 -0.999999 -0.000009 -0.001657 -87.239739 0.000004 -0.999995 0.003139 143.603549 0.000000 0.000000 0.000000 1.000000 
-0.205707 0.010188 -0.978561 -3.778098 0.977363 -0.048404 -0.205959 1.848552 -0.049465 -0.998776 -0.000000 144.634991 0.000000 0.000000 0.000000 1.000000 
0.000001 0.000000 -1.000000 -5.548506 1.000000 -0.000001 0.000001 -15.162631 -0.000001 -1.000000 -0.000000 144.061335 0.000000 0.000000 0.000000 1.000000 
0.000001 0.000000 -1.000000 -5.548506 1.000000 -0.000001 0.000001 -43.004153 -0.000001 -1.000000 -0.000000 144.061335 0.000000 0.000000 0.000000 1.000000 
0.000001 0.000000 -1.000000 -5.548511 1.000000 -0.000001 0.000001 -71.332987 -0.000001 -1.000000 -0.000000 144.061335 0.000000 0.000000 0.000000 1.000000 
0.395630 -0.230170 -0.889100 1.049710 0.768505 -0.447101 0.457713 8.302181 -0.502869 -0.864363 0.000000 160.270141 0.000000 0.000000 0.000000 1.000000 
0.383980 -0.221019 -0.896499 0.653170 0.776979 -0.447228 0.443047 3.466447 -0.498861 -0.866682 -0.000000 160.287588 0.000000 0.000000 0.000000 1.000000 
0.375247 -0.214293 -0.901814 0.416613 0.783113 -0.447215 0.432125 -0.436370 -0.495906 -0.868376 0.000000 160.287791 0.000000 0.000000 0.000000 1.000000 
0.548763 -0.033707 -0.835298 -38.778670 0.739698 -0.445959 0.503952 0.236019 -0.389496 -0.894418 -0.219793 155.555812 0.000000 0.000000 0.000000 1.000000 
-0.000087 0.000000 -1.000000 -3.281557 1.000000 -0.000003 -0.000087 -80.442394 -0.000003 -1.000000 0.000000 143.543408 0.000000 0.000000 0.000000 1.000000 
0.000123 -0.000000 -1.000000 -3.299243 1.000000 -0.000003 0.000123 -84.141605 -0.000003 -1.000000 0.000000 143.543465 0.000000 0.000000 0.000000 1.000000 
-0.000010 -0.000000 -1.000000 -3.287717 1.000000 -0.000004 -0.000010 -86.991945 -0.000004 -1.000000 0.000000 143.543524 0.000000 0.000000 0.000000 1.000000 
-0.000036 -0.000755 -1.000000 -3.176976 1.000000 -0.000004 -0.000036 -89.766892 -0.000004 -1.000000 0.000755 143.545966 0.000000 0.000000 0.000000 1.000000 
-0.000062 0.000000 -1.000000 -5.543356 1.000000 -0.000002 -0.000062 -80.866622 -0.000002 -1.000000 0.000000 144.061434 0.000000 0.000000 0.000000 1.000000 
-0.000020 -0.000000 -1.000000 -5.546941 1.000000 -0.000002 -0.000020 -84.566434 -0.000002 -1.000000 0.000000 144.061406 0.000000 0.000000 0.000000 1.000000 
0.000021 -0.000000 -1.000000 -5.550562 1.000000 -0.000001 0.000021 -87.516328 -0.000001 -1.000000 0.000000 144.061331 0.000000 0.000000 0.000000 1.000000 
0.000077 -0.002048 -0.999998 -5.260536 1.000000 -0.000001 0.000077 -90.468896 -0.000001 -0.999998 0.002048 144.072399 0.000000 0.000000 0.000000 1.000000 
0.000013 -0.000000 -1.000000 -7.414608 1.000000 -0.000002 0.000013 -80.437242 -0.000002 -1.000000 -0.000000 144.018408 0.000000 0.000000 0.000000 1.000000 
0.000013 -0.000000 -1.000000 -7.414608 1.000000 -0.000002 0.000013 -83.587242 -0.000002 -1.000000 -0.000000 144.018408 0.000000 0.000000 0.000000 1.000000 
0.000013 -0.000000 -1.000000 -7.414610 1.000000 -0.000002 0.000013 -86.537242 -0.000002 -1.000000 -0.000000 144.018407 0.000000 0.000000 0.000000 1.000000 
0.000046 0.000987 -1.000000 -7.559574 1.000000 -0.000002 0.000046 -89.181397 -0.000002 -1.000000 -0.000987 144.010971 0.000000 0.000000 0.000000 1.000000 
0.004090 0.000000 -0.999992 -9.679460 0.999992 0.000009 0.004090 -79.373273 0.000009 -1.000000 -0.000000 143.573668 0.000000 0.000000 0.000000 1.000000 
0.003669 0.000000 -0.999993 -9.644501 0.999993 0.000008 0.003669 -82.977164 0.000008 -1.000000 -0.000000 143.573772 0.000000 0.000000 0.000000 1.000000 
0.003535 0.000000 -0.999994 -9.633086 0.999994 0.000007 0.003535 -85.078427 0.000007 -1.000000 -0.000000 143.573790 0.000000 0.000000 0.000000 1.000000 
0.002944 -0.001567 -0.999994 -9.356604 0.999996 0.000006 0.002944 -87.209504 0.000002 -0.999999 0.001567 143.588705 0.000000 0.000000 0.000000 1.000000 
-1.000000 0.000000 0.000000 -8.207796 -0.000000 -0.999970 0.007796 97.520590 0.000000 0.007796 0.999970 -0.715090 0.000000 0.000000 0.000000 1.000000 
-1.000000 -0.000000 0.000000 -8.207794 0.000000 -0.997661 -0.068351 53.049332 0.000000 -0.068351 0.997661 3.333094 0.000000 0.000000 0.000000 1.000000 
-1.000000 0.000000 -0.000000 -8.207796 -0.000000 -0.631740 0.775180 7.640914 0.000000 0.775180 0.631740 -5.034102 0.000000 0.000000 0.000000 1.000000 
-1.000000 0.000000 -0.000000 -8.207795 -0.000000 -0.000073 1.000000 -7.967722 0.000000 1.000000 0.000073 -0.001319 0.000000 0.000000 0.000000 1.000000 
-0.999731 -0.023214 -0.000002 -8.205552 -0.000000 -0.000073 1.000000 -17.245842 -0.023214 0.999731 0.000073 -0.191859 0.000000 0.000000 0.000000 1.000000 
-1.000000 0.000000 0.000000 8.207780 -0.000000 -0.999969 0.007819 97.520543 0.000000 0.007819 0.999969 -0.717334 0.000000 0.000000 0.000000 1.000000 
-1.000000 -0.000000 0.000000 8.207782 -0.000000 -0.997660 -0.068371 53.049387 0.000000 -0.068371 0.997660 3.333095 0.000000 0.000000 0.000000 1.000000 
-1.000000 0.000000 -0.000000 8.207780 -0.000000 -0.631740 0.775180 7.640835 0.000000 0.775180 0.631740 -5.034269 0.000000 0.000000 0.000000 1.000000 
-1.000000 0.000000 -0.000000 8.207781 -0.000000 -0.000073 1.000000 -7.967884 0.000000 1.000000 0.000073 -0.001401 0.000000 0.000000 0.000000 1.000000 
-0.999718 0.023737 0.000001 8.205436 -0.000000 -0.000073 1.000000 -17.246021 0.023737 0.999718 0.000073 -0.196226 0.000000 0.000000 0.000000 1.000000 
