0.787546 -0.476346 -0.390980 -0.113529 0.437343 0.878998 -0.189983 112.439629 0.434169 -0.021372 0.900578 -0.045380 0.000000 0.000000 0.000000 1.000000 0.787546 -0.476346 -0.390980 -0.113529 0.437343 0.878998 -0.189983 112.439629 0.434169 -0.021372 0.900578 -0.045380 0.000000 0.000000 0.000000 1.000000 
0.988625 0.125223 0.083304 -0.000000 -0.137517 0.976911 0.163504 10.182437 -0.060906 -0.173100 0.983019 -0.000000 0.000000 0.000000 0.000000 1.000000 0.988625 0.125223 0.083304 -0.000000 -0.137517 0.976911 0.163504 10.182437 -0.060906 -0.173100 0.983019 -0.000000 0.000000 0.000000 0.000000 1.000000 
0.966465 0.201869 0.158726 0.000000 -0.216455 0.972964 0.080550 10.002675 -0.138174 -0.112205 0.984031 0.000000 0.000000 0.000000 0.000000 1.000000 0.966465 0.201869 0.158726 0.000000 -0.216455 0.972964 0.080550 10.002675 -0.138174 -0.112205 0.984031 0.000000 0.000000 0.000000 0.000000 1.000000 
0.964759 0.198829 0.172358 0.000000 -0.214462 0.973675 0.077222 9.322091 -0.152466 -0.111465 0.982003 0.000000 0.000000 0.000000 0.000000 1.000000 0.964759 0.198829 0.172358 0.000000 -0.214462 0.973675 0.077222 9.322091 -0.152466 -0.111465 0.982003 0.000000 0.000000 0.000000 0.000000 1.000000 
0.919167 -0.075147 0.386633 0.000000 0.069769 0.997172 0.027945 16.865322 -0.387640 0.001289 0.921810 0.000000 0.000000 0.000000 0.000000 1.000000 0.919167 -0.075147 0.386633 0.000000 0.069769 0.997172 0.027945 16.865322 -0.387640 0.001289 0.921810 0.000000 0.000000 0.000000 0.000000 1.000000 
0.919078 -0.069980 0.387812 -0.000000 0.067457 0.997519 0.020132 9.341924 -0.388259 0.007658 0.921519 2.841041 0.000000 0.000000 0.000000 1.000000 0.919078 -0.069980 0.387812 -0.000000 0.067457 0.997519 0.020132 9.341924 -0.388259 0.007658 0.921519 2.841041 0.000000 0.000000 0.000000 1.000000 
0.015052 -0.830223 -0.557228 -4.569970 -0.011274 0.557114 -0.830359 11.195845 0.999823 0.018781 -0.000974 -0.806632 0.000000 0.000000 0.000000 1.000000 0.015052 -0.830223 -0.557228 -4.569970 -0.011274 0.557114 -0.830359 11.195845 0.999823 0.018781 -0.000974 -0.806632 0.000000 0.000000 0.000000 1.000000 
0.989922 0.061513 0.127557 0.000000 -0.088180 0.972552 0.215331 10.838176 -0.110810 -0.224408 0.968175 0.000000 0.000000 0.000000 0.000000 1.000000 0.989922 0.061513 0.127557 0.000000 -0.088180 0.972552 0.215331 10.838176 -0.110810 -0.224408 0.968175 0.000000 0.000000 0.000000 0.000000 1.000000 
0.979280 0.151684 0.134176 -0.000000 -0.162125 0.984242 0.070592 27.841518 -0.121354 -0.090883 0.988440 0.000000 0.000000 0.000000 0.000000 1.000000 0.979280 0.151684 0.134176 -0.000000 -0.162125 0.984242 0.070592 27.841518 -0.121354 -0.090883 0.988440 0.000000 0.000000 0.000000 0.000000 1.000000 
0.991939 -0.122681 0.031738 0.000023 0.126148 0.979766 -0.155389 28.328838 -0.012032 0.158140 0.987343 0.000004 0.000000 0.000000 0.000000 1.000000 0.991939 -0.122681 0.031738 0.000023 0.126148 0.979766 -0.155389 28.328838 -0.012032 0.158140 0.987343 0.000004 0.000000 0.000000 0.000000 1.000000 
0.896769 0.441061 -0.035638 2.681852 -0.379615 0.725447 -0.574125 2.464805 -0.227371 0.528387 0.817991 1.573984 0.000000 0.000000 0.000000 1.000000 0.896769 0.441061 -0.035638 2.681852 -0.379615 0.725447 -0.574125 2.464805 -0.227371 0.528387 0.817991 1.573984 0.000000 0.000000 0.000000 1.000000 
0.950414 -0.309816 -0.026968 -0.000000 0.309854 0.935986 0.167098 4.188985 -0.026528 -0.167168 0.985571 0.000000 0.000000 0.000000 0.000000 1.000000 0.950414 -0.309816 -0.026968 -0.000000 0.309854 0.935986 0.167098 4.188985 -0.026528 -0.167168 0.985571 0.000000 0.000000 0.000000 0.000000 1.000000 
0.985081 -0.171970 -0.006416 -0.000000 0.171180 0.975369 0.139117 3.416271 -0.017665 -0.138140 0.990255 0.000000 0.000000 0.000000 0.000000 1.000000 0.985081 -0.171970 -0.006416 -0.000000 0.171180 0.975369 0.139117 3.416271 -0.017665 -0.138140 0.990255 0.000000 0.000000 0.000000 0.000000 1.000000 
0.998354 0.057227 0.003801 2.259835 -0.057353 0.995799 0.071386 9.108283 0.000300 -0.071486 0.997442 0.517862 0.000000 0.000000 0.000000 1.000000 0.998354 0.057227 0.003801 2.259835 -0.057353 0.995799 0.071386 9.108283 0.000300 -0.071486 0.997442 0.517862 0.000000 0.000000 0.000000 1.000000 
0.998670 -0.050737 0.009184 -0.000000 0.051561 0.981585 -0.183935 3.700000 0.000318 0.184164 0.982895 0.000000 0.000000 0.000000 0.000000 1.000000 0.998670 -0.050737 0.009184 -0.000000 0.051561 0.981585 -0.183935 3.700000 0.000318 0.184164 0.982895 0.000000 0.000000 0.000000 0.000000 1.000000 
0.998823 -0.048490 0.000866 -0.000000 0.048489 0.998823 0.001436 2.850000 -0.000934 -0.001393 0.999999 -0.000000 0.000000 0.000000 0.000000 1.000000 0.998823 -0.048490 0.000866 -0.000000 0.048489 0.998823 0.001436 2.850000 -0.000934 -0.001393 0.999999 -0.000000 0.000000 0.000000 0.000000 1.000000 
0.992886 -0.118152 -0.014720 -0.000024 0.108160 0.946716 -0.303364 9.532501 0.049779 0.299614 0.952761 0.000040 0.000000 0.000000 0.000000 1.000000 0.992886 -0.118152 -0.014720 -0.000024 0.108160 0.946716 -0.303364 9.532501 0.049779 0.299614 0.952761 0.000040 0.000000 0.000000 0.000000 1.000000 
0.994265 -0.101226 0.034489 -0.000000 0.105283 0.870006 -0.481669 3.700000 0.018752 0.482538 0.875674 0.000000 0.000000 0.000000 0.000000 1.000000 0.994265 -0.101226 0.034489 -0.000000 0.105283 0.870006 -0.481669 3.700000 0.018752 0.482538 0.875674 0.000000 0.000000 0.000000 0.000000 1.000000 
0.999661 -0.026044 0.000689 -0.000000 0.025847 0.988111 -0.151553 2.950000 0.003266 0.151520 0.988449 -0.000000 0.000000 0.000000 0.000000 1.000000 0.999661 -0.026044 0.000689 -0.000000 0.025847 0.988111 -0.151553 2.950000 0.003266 0.151520 0.988449 -0.000000 0.000000 0.000000 0.000000 1.000000 
0.987045 -0.136338 0.084578 -1.865133 0.153741 0.954486 -0.255577 9.103592 -0.045884 0.265270 0.963082 0.043070 0.000000 0.000000 0.000000 1.000000 0.987045 -0.136338 0.084578 -1.865133 0.153741 0.954486 -0.255577 9.103592 -0.045884 0.265270 0.963082 0.043070 0.000000 0.000000 0.000000 1.000000 
0.993392 -0.108182 0.038324 0.000000 0.112876 0.860496 -0.496795 3.379273 0.020766 0.497839 0.867021 -0.000000 0.000000 0.000000 0.000000 1.000000 0.993392 -0.108182 0.038324 0.000000 0.112876 0.860496 -0.496795 3.379273 0.020766 0.497839 0.867021 -0.000000 0.000000 0.000000 0.000000 1.000000 
0.993642 -0.106136 0.037555 0.000000 0.112542 0.927197 -0.357268 2.889685 0.003098 0.359223 0.933247 0.000000 0.000000 0.000000 0.000000 1.000000 0.993642 -0.106136 0.037555 0.000000 0.112542 0.927197 -0.357268 2.889685 0.003098 0.359223 0.933247 0.000000 0.000000 0.000000 0.000000 1.000000 
0.989017 -0.143205 0.036574 -3.806278 0.147641 0.945674 -0.289660 8.076676 0.006893 0.291878 0.956431 0.486704 0.000000 0.000000 0.000000 1.000000 0.989017 -0.143205 0.036574 -3.806278 0.147641 0.945674 -0.289660 8.076676 0.006893 0.291878 0.956431 0.486704 0.000000 0.000000 0.000000 1.000000 
0.991442 -0.121026 0.048946 -0.000000 0.130530 0.925291 -0.356089 3.600000 -0.002193 0.359430 0.933169 -0.000000 0.000000 0.000000 0.000000 1.000000 0.991442 -0.121026 0.048946 -0.000000 0.130530 0.925291 -0.356089 3.600000 -0.002193 0.359430 0.933169 -0.000000 0.000000 0.000000 0.000000 1.000000 
0.992743 -0.111948 0.043915 -0.000000 0.117050 0.983287 -0.139447 2.100000 -0.027570 0.143575 0.989255 -0.000000 0.000000 0.000000 0.000000 1.000000 0.992743 -0.111948 0.043915 -0.000000 0.117050 0.983287 -0.139447 2.100000 -0.027570 0.143575 0.989255 -0.000000 0.000000 0.000000 0.000000 1.000000 
0.161431 0.986165 0.037674 4.570446 0.123210 0.017736 -0.992222 11.195644 -0.979163 0.164818 -0.118642 -0.806627 0.000000 0.000000 0.000000 1.000000 0.161431 0.986165 0.037674 4.570446 0.123210 0.017736 -0.992222 11.195644 -0.979163 0.164818 -0.118642 -0.806627 0.000000 0.000000 0.000000 1.000000 
0.809694 -0.029687 -0.586100 -0.000000 0.005225 0.999045 -0.043385 10.837706 0.586829 0.032066 0.809076 0.000000 0.000000 0.000000 0.000000 1.000000 0.809694 -0.029687 -0.586100 -0.000000 0.005225 0.999045 -0.043385 10.837706 0.586829 0.032066 0.809076 0.000000 0.000000 0.000000 0.000000 1.000000 
0.942937 -0.310883 -0.119257 0.000000 0.308414 0.950448 -0.039096 27.841522 0.125502 0.000085 0.992093 0.000000 0.000000 0.000000 0.000000 1.000000 0.942937 -0.310883 -0.119257 0.000000 0.308414 0.950448 -0.039096 27.841522 0.125502 0.000085 0.992093 0.000000 0.000000 0.000000 0.000000 1.000000 
0.729811 0.051117 0.681735 0.000005 0.094343 0.980129 -0.174488 28.328835 -0.677108 0.191660 0.710487 -0.000001 0.000000 0.000000 0.000000 1.000000 0.729811 0.051117 0.681735 0.000005 0.094343 0.980129 -0.174488 28.328835 -0.677108 0.191660 0.710487 -0.000001 0.000000 0.000000 0.000000 1.000000 
0.907391 -0.335014 0.253786 -2.681731 0.391637 0.893110 -0.221301 2.466145 -0.152519 0.300198 0.941604 1.576193 0.000000 0.000000 0.000000 1.000000 0.907391 -0.335014 0.253786 -2.681731 0.391637 0.893110 -0.221301 2.466145 -0.152519 0.300198 0.941604 1.576193 0.000000 0.000000 0.000000 1.000000 
0.921618 0.169522 -0.349117 -0.000000 -0.166403 0.985280 0.039148 4.187095 0.350615 0.022014 0.936261 0.000000 0.000000 0.000000 0.000000 1.000000 0.921618 0.169522 -0.349117 -0.000000 -0.166403 0.985280 0.039148 4.187095 0.350615 0.022014 0.936261 0.000000 0.000000 0.000000 0.000000 1.000000 
0.990200 -0.002041 -0.139640 -0.000000 0.004210 0.999875 0.015238 3.418388 0.139592 -0.015677 0.990085 0.000000 0.000000 0.000000 0.000000 1.000000 0.990200 -0.002041 -0.139640 -0.000000 0.004210 0.999875 0.015238 3.418388 0.139592 -0.015677 0.990085 0.000000 0.000000 0.000000 0.000000 1.000000 
0.992291 0.079546 0.095033 -2.259863 -0.080132 0.996781 0.002361 9.109309 -0.094540 -0.009958 0.995471 0.518034 0.000000 0.000000 0.000000 1.000000 0.992291 0.079546 0.095033 -2.259863 -0.080132 0.996781 0.002361 9.109309 -0.094540 -0.009958 0.995471 0.518034 0.000000 0.000000 0.000000 1.000000 
0.998390 0.028275 -0.049179 -0.000000 -0.036302 0.984623 -0.170877 3.700000 0.043591 0.172387 0.984064 0.000000 0.000000 0.000000 0.000000 1.000000 0.998390 0.028275 -0.049179 -0.000000 -0.036302 0.984623 -0.170877 3.700000 0.043591 0.172387 0.984064 0.000000 0.000000 0.000000 0.000000 1.000000 
0.995895 0.073396 -0.052979 -0.000000 -0.078300 0.992164 -0.097367 2.850000 0.045418 0.101116 0.993837 0.000000 0.000000 0.000000 0.000000 1.000000 0.995895 0.073396 -0.052979 -0.000000 -0.078300 0.992164 -0.097367 2.850000 0.045418 0.101116 0.993837 0.000000 0.000000 0.000000 0.000000 1.000000 
0.993029 0.083751 -0.082941 -0.000037 -0.105419 0.945822 -0.307095 9.533401 0.052727 0.313698 0.948058 -0.000033 0.000000 0.000000 0.000000 1.000000 0.993029 0.083751 -0.082941 -0.000037 -0.105419 0.945822 -0.307095 9.533401 0.052727 0.313698 0.948058 -0.000033 0.000000 0.000000 0.000000 1.000000 
0.996065 0.080958 -0.036073 -0.000000 -0.087891 0.849788 -0.519746 3.700000 -0.011423 0.520871 0.853559 0.000000 0.000000 0.000000 0.000000 1.000000 0.996065 0.080958 -0.036073 -0.000000 -0.087891 0.849788 -0.519746 3.700000 -0.011423 0.520871 0.853559 0.000000 0.000000 0.000000 0.000000 1.000000 
0.999746 0.016675 -0.015175 -0.000000 -0.020240 0.960317 -0.278176 2.950000 0.009934 0.278413 0.960410 0.000000 0.000000 0.000000 0.000000 1.000000 0.999746 0.016675 -0.015175 -0.000000 -0.020240 0.960317 -0.278176 2.950000 0.009934 0.278413 0.960410 0.000000 0.000000 0.000000 0.000000 1.000000 
0.972231 0.091325 -0.215468 1.865081 -0.138494 0.966705 -0.215175 9.104528 0.188643 0.239041 0.952509 0.043028 0.000000 0.000000 0.000000 1.000000 0.972231 0.091325 -0.215468 1.865081 -0.138494 0.966705 -0.215175 9.104528 0.188643 0.239041 0.952509 0.043028 0.000000 0.000000 0.000000 1.000000 
0.995049 0.097298 0.020256 0.000000 -0.069531 0.827173 -0.557629 3.150000 -0.071012 0.553460 0.829843 0.000000 0.000000 0.000000 0.000000 1.000000 0.995049 0.097298 0.020256 0.000000 -0.069531 0.827173 -0.557629 3.150000 -0.071012 0.553460 0.829843 0.000000 0.000000 0.000000 0.000000 1.000000 
0.997795 0.062862 0.021310 0.000003 -0.054058 0.955912 -0.288634 2.950000 -0.038515 0.286845 0.957202 0.000001 0.000000 0.000000 0.000000 1.000000 0.997795 0.062862 0.021310 0.000003 -0.054058 0.955912 -0.288634 2.950000 -0.038515 0.286845 0.957202 0.000001 0.000000 0.000000 0.000000 1.000000 
0.960554 0.082723 -0.265506 3.806263 -0.130190 0.977414 -0.166472 8.077779 0.245738 0.194471 0.949628 0.486877 0.000000 0.000000 0.000000 1.000000 0.960554 0.082723 -0.265506 3.806263 -0.130190 0.977414 -0.166472 8.077779 0.245738 0.194471 0.949628 0.486877 0.000000 0.000000 0.000000 1.000000 
0.981604 0.141890 0.127751 -0.000000 -0.084173 0.922182 -0.377485 3.600000 -0.171372 0.359787 0.917161 0.000000 0.000000 0.000000 0.000000 1.000000 0.981604 0.141890 0.127751 -0.000000 -0.084173 0.922182 -0.377485 3.600000 -0.171372 0.359787 0.917161 0.000000 0.000000 0.000000 0.000000 1.000000 
0.992319 0.080677 0.093774 0.000000 -0.076734 0.996039 -0.044920 2.100000 -0.097027 0.037379 0.994580 0.000000 0.000000 0.000000 0.000000 1.000000 0.992319 0.080677 0.093774 0.000000 -0.076734 0.996039 -0.044920 2.100000 -0.097027 0.037379 0.994580 0.000000 0.000000 0.000000 0.000000 1.000000 
-0.642558 -0.358746 -0.677068 -8.207789 0.109258 -0.917495 0.382447 -6.771764 -0.758407 0.171770 0.628740 -1.512219 0.000000 0.000000 0.000000 1.000000 -0.642558 -0.358746 -0.677068 -8.207789 0.109258 -0.917495 0.382447 -6.771764 -0.758407 0.171770 0.628740 -1.512219 0.000000 0.000000 0.000000 1.000000 
0.828656 -0.006390 -0.559722 0.000000 0.023874 0.999428 0.023935 44.371464 0.559249 -0.033197 0.828335 -0.000000 0.000000 0.000000 0.000000 1.000000 0.828656 -0.006390 -0.559722 0.000000 0.023874 0.999428 0.023935 44.371464 0.559249 -0.033197 0.828335 -0.000000 0.000000 0.000000 0.000000 1.000000 
0.968101 0.035715 -0.248004 -0.000000 -0.037961 0.999270 -0.004276 44.527813 0.247670 0.013554 0.968750 0.000000 0.000000 0.000000 0.000000 1.000000 0.968101 0.035715 -0.248004 -0.000000 -0.037961 0.999270 -0.004276 44.527813 0.247670 0.013554 0.968750 0.000000 0.000000 0.000000 0.000000 1.000000 
0.991182 0.115289 -0.065325 -0.000000 -0.073412 0.067346 -0.995025 13.816866 -0.110316 0.991046 0.075215 0.000000 0.000000 0.000000 0.000000 1.000000 0.991182 0.115289 -0.065325 -0.000000 -0.073412 0.067346 -0.995025 13.816866 -0.110316 0.991046 0.075215 0.000000 0.000000 0.000000 0.000000 1.000000 
-0.224708 0.846919 0.481907 8.207788 0.146522 -0.459565 0.875975 -6.771803 0.963347 0.267449 -0.020825 -1.512214 0.000000 0.000000 0.000000 1.000000 -0.224708 0.846919 0.481907 8.207788 0.146522 -0.459565 0.875975 -6.771803 0.963347 0.267449 -0.020825 -1.512214 0.000000 0.000000 0.000000 1.000000 
0.999087 -0.000500 -0.042708 0.000000 0.030769 -0.685098 0.727801 44.371391 -0.029623 -0.728451 -0.684457 0.000000 0.000000 0.000000 0.000000 1.000000 0.999087 -0.000500 -0.042708 0.000000 0.030769 -0.685098 0.727801 44.371391 -0.029623 -0.728451 -0.684457 0.000000 0.000000 0.000000 0.000000 1.000000 
0.946120 0.311686 -0.087798 -0.000000 -0.306732 0.949539 0.065510 44.527847 0.103787 -0.035050 0.993982 -0.000000 0.000000 0.000000 0.000000 1.000000 0.946120 0.311686 -0.087798 -0.000000 -0.306732 0.949539 0.065510 44.527847 0.103787 -0.035050 0.993982 -0.000000 0.000000 0.000000 0.000000 1.000000 
1.000000 0.000005 -0.000001 0.000000 -0.000005 0.999885 -0.015150 13.816865 0.000000 0.015150 0.999885 0.000000 0.000000 0.000000 0.000000 1.000000 1.000000 0.000005 -0.000001 0.000000 -0.000005 0.999885 -0.015150 13.816865 0.000000 0.015150 0.999885 0.000000 0.000000 0.000000 0.000000 1.000000 
