1.0 
1.0 
1.0 
1.0 
1.0 
1.0 
1.0 
1.0 
1.0 
1.0 
1.0 
1.0 
1.0 
1.0 
1.0 
1.0 
1.0 
1.0 
1.0 
1.0 
1.0 
1.0 
1.0 
1.0 
1.0 
1.0 
1.0 
1.0 
1.0 
1.0 
1.0 
1.0 
1.0 
1.0 
1.0 
1.0 
1.0 
1.0 
1.0 
1.0 
1.0 
1.0 
1.0 
1.0 
1.0 
1.0 
1.0 
1.0 
1.0 
1.0 
1.0 
1.0 
1.0 
1.0 
1.0 
1.0 
1.0 
1.0 
1.0 
1.0 
1.0 
1.0 
1.0 
1.0 
1.0 
1.0 
1.0 
1.0 
1.0 
1.0 
1.0 
1.0 
1.0 
1.0 
1.0 
1.0 
1.0 
1.0 
1.0 
1.0 
1.0 
1.0 
1.0 
1.0 
1.0 
1.0 
1.0 
1.0 
1.0 
1.0 
1.0 
1.0 
1.0 
1.0 
1.0 
1.0 
1.0 
1.0 
1.0 
1.0 
1.0 
1.0 
1.0 
1.0 
1.0 
1.0 
1.0 
1.0 
1.0 
1.0 
1.0 
1.0 
1.0 
1.0 
1.0 
1.0 
1.0 
1.0 
1.0 
1.0 
1.0 
1.0 
1.0 
1.0 
1.0 
1.0 
1.0 
1.0 
1.0 
1.0 
1.0 
1.0 
1.0 
1.0 
1.0 
1.0 
1.0 
1.0 
1.0 
1.0 
1.0 
1.0 
1.0 
1.0 
1.0 
1.0 
1.0 
1.0 
1.0 
1.0 
1.0 
1.0 
1.0 
1.0 
1.0 
1.0 
1.0 
1.0 
1.0 
1.0 
1.0 
1.0 
1.0 
1.0 
1.0 
1.0 
1.0 
1.0 
1.0 
1.0 
1.0 
1.0 
1.0 
1.0 
1.0 
1.0 
1.0 
1.0 
1.0 
1.0 
1.0 
1.0 
1.0 
1.0 
1.0 
1.0 
1.0 
1.0 
1.0 
1.0 
1.0 
1.0 
1.0 
1.0 
1.0 
1.0 
1.0 
1.0 
1.0 
1.0 
1.0 
1.0 
1.0 
1.0 
1.0 
1.0 
1.0 
1.0 
1.0 
1.0 
1.0 
1.0 
1.0 
1.0 
1.0 
1.0 
1.0 
1.0 
1.0 
1.0 
1.0 
1.0 
1.0 
1.0 
1.0 
1.0 
1.0 
1.0 
1.0 
1.0 
1.0 
1.0 
1.0 
1.0 
1.0 
1.0 
1.0 
1.0 
1.0 
1.0 
1.0 
1.0 
1.0 
1.0 
1.0 
1.0 
1.0 
1.0 
1.0 
1.0 
1.0 
1.0 
1.0 
1.0 
1.0 
1.0 
1.0 
1.0 
1.0 
1.0 
1.0 
1.0 
1.0 
1.0 
1.0 
1.0 
1.0 
1.0 
1.0 
1.0 
1.0 
1.0 
1.0 
1.0 
1.0 
1.0 
1.0 
1.0 
1.0 
1.0 
1.0 
1.0 
1.0 
1.0 
1.0 
1.0 
1.0 
1.0 
1.0 
1.0 
1.0 
1.0 
1.0 
1.0 
1.0 
1.0 
1.0 
1.0 
1.0 
1.0 
1.0 
1.0 
1.0 
1.0 
1.0 
1.0 
1.0 
1.0 
1.0 
1.0 
1.0 
1.0 
1.0 
1.0 
1.0 
1.0 
1.0 
1.0 
1.0 
1.0 
1.0 
1.0 
1.0 
1.0 
1.0 
1.0 
1.0 
1.0 
1.0 
1.0 
1.0 
1.0 
1.0 
1.0 
1.0 
1.0 
1.0 
1.0 
1.0 
1.0 
1.0 
1.0 
1.0 
1.0 
1.0 
1.0 
1.0 
1.0 
1.0 
1.0 
1.0 
1.0 
1.0 
1.0 
1.0 
1.0 
1.0 
1.0 
1.0 
1.0 
1.0 
1.0 
1.0 
1.0 
1.0 
1.0 
1.0 
1.0 
1.0 
1.0 
1.0 
1.0 
1.0 
1.0 
1.0 
1.0 
1.0 
1.0 
1.0 
1.0 
1.0 
1.0 
1.0 
1.0 
1.0 
1.0 
1.0 
1.0 
1.0 
1.0 
1.0 
1.0 
1.0 
1.0 
1.0 
1.0 
1.0 
1.0 
1.0 
1.0 
1.0 
1.0 
1.0 
1.0 
1.0 
1.0 
1.0 
1.0 
1.0 
1.0 
1.0 
1.0 
1.0 
1.0 
1.0 
1.0 
1.0 
1.0 
1.0 
1.0 
1.0 
1.0 
1.0 
1.0 
1.0 
1.0 
1.0 
1.0 
1.0 
1.0 
1.0 
1.0 
1.0 
1.0 
1.0 
1.0 
1.0 
1.0 
1.0 
1.0 
1.0 
1.0 
1.0 
1.0 
1.0 
1.0 
1.0 
1.0 
1.0 
1.0 
1.0 
1.0 
1.0 
1.0 
1.0 
1.0 
1.0 
1.0 
1.0 
1.0 
1.0 
1.0 
1.0 
1.0 
1.0 
1.0 
1.0 
1.0 
1.0 
1.0 
1.0 
1.0 
1.0 
1.0 
1.0 
1.0 
1.0 
1.0 
1.0 
1.0 
1.0 
1.0 
1.0 
1.0 
1.0 
1.0 
1.0 
1.0 
1.0 
1.0 
1.0 
1.0 
1.0 
1.0 
1.0 
1.0 
1.0 
1.0 
1.0 
1.0 
1.0 
1.0 
1.0 
1.0 
1.0 
1.0 
1.0 
1.0 
1.0 
1.0 
1.0 
1.0 
1.0 
1.0 
1.0 
1.0 
1.0 
1.0 
1.0 
1.0 
1.0 
1.0 
1.0 
1.0 
1.0 
1.0 
1.0 
1.0 
1.0 
1.0 
1.0 
1.0 
1.0 
1.0 
1.0 
1.0 
1.0 
1.0 
0.737701 0.262299 
0.855903 0.144097 
1.0 
0.519404 0.395298 0.085299 
0.977201 0.022799 
0.9839 0.0161 
0.935202 0.064798 
0.360201 0.639799 
1.0 
0.033001 0.0916 0.875399 
1.0 
1.0 
1.0 
1.0 
1.0 
1.0 
0.955001 0.044999 
0.980701 0.019299 
0.588004 0.378496 0.033499 
0.952602 0.047398 
1.0 
0.982001 0.017999 
0.974501 0.025499 
1.0 
0.925001 0.074999 
0.981901 0.018099 
0.744301 0.255699 
0.920001 0.079999 
0.352901 0.647099 
0.13 0.87 
0.600601 0.399399 
0.592901 0.407099 
0.862898 0.137102 
1.0 
0.8752 0.124799 
0.005301 0.073499 0.9212 
0.805303 0.194697 
1.0 
1.0 
1.0 
1.0 
1.0 
1.0 
1.0 
0.9829 0.0171 
1.0 
1.0 
1.0 
1.0 
1.0 
1.0 
1.0 
1.0 
1.0 
1.0 
1.0 
1.0 
1.0 
1.0 
1.0 
1.0 
1.0 
1.0 
1.0 
1.0 
1.0 
1.0 
1.0 
0.937101 0.062899 
0.759403 0.240597 
0.949201 0.050799 
0.497704 0.418398 0.083899 
0.729403 0.270597 
1.0 
1.0 
0.034601 0.0532 0.912199 
0.005401 0.040799 0.9538 
0.022102 0.176705 0.801194 
0.004701 0.128305 0.866994 
0.548404 0.391097 0.060499 
0.049102 0.222105 0.728793 
1.0 
0.962702 0.037298 
1.0 
0.960001 0.039999 
1.0 
0.821603 0.178397 
0.767603 0.232397 
0.879002 0.120998 
0.807202 0.192798 
0.727203 0.272797 
0.917601 0.082399 
0.850801 0.149199 
0.670402 0.329598 
0.655203 0.327797 0.017 
0.593903 0.379098 0.026999 
0.517201 0.432699 0.0501 
0.455604 0.481097 0.063299 
0.385502 0.4949 0.119597 
0.3431 0.4982 0.1587 
0.832902 0.167098 
0.957801 0.042199 
0.016101 0.187103 0.796796 
0.021201 0.134004 0.844795 
0.141902 0.464001 0.394096 
0.099002 0.444001 0.456997 
0.038401 0.201804 0.759795 
0.197103 0.504001 0.298896 
0.023802 0.128505 0.847694 
0.241203 0.5151 0.243697 
0.052601 0.308803 0.638596 
0.057702 0.335903 0.606396 
0.096502 0.356003 0.547495 
0.127603 0.363403 0.508994 
0.038502 0.961498 
0.017003 0.982997 
0.036203 0.963797 
0.999999 
0.999999 
1.0 
1.0 
1.0 
0.017101 0.982899 
0.018299 0.981701 
0.999999 
0.008501 0.104103 0.887396 
0.096703 0.903296 
0.072803 0.927196 
1.0 
1.0 
1.0 
0.962602 0.037398 
1.0 
1.0 
0.959201 0.040799 
0.784203 0.215797 
0.572504 0.385996 0.041499 
0.888602 0.111398 
0.863503 0.136497 
0.738004 0.261996 
0.014001 0.098503 0.887495 
0.038203 0.961797 
1.0 
1.0 
1.0 
1.0 
1.0 
1.0 
1.0 
0.022999 0.977001 
0.052399 0.947601 
1.0 
1.0 
1.0 
1.0 
1.0 
1.0 
1.0 
1.0 
1.0 
1.0 
0.0166 0.9834 
0.004601 0.0207 0.974699 
0.041302 0.034004 0.924695 
1.0 
1.0 
0.912501 0.087499 
0.958001 0.041999 
0.760303 0.239697 
0.907502 0.092498 
0.609503 0.390497 
0.243502 0.6619 0.094598 
0.6878 0.3122 
0.447101 0.552899 
0.118502 0.7657 0.115799 
0.110101 0.6329 0.256999 
0.779 0.220999 
0.0166 0.547701 0.435699 
0.5578 0.4422 
0.3178 0.6822 
1.0 
1.0 
1.0 
1.0 
0.0489 0.9511 
0.0563 0.9437 
0.182002 0.7562 0.061799 
0.176501 0.6535 0.169998 
0.633703 0.366297 
0.958001 0.041999 
0.313902 0.5244 0.161697 
0.353103 0.4977 0.149197 
0.270703 0.5758 0.153497 
0.224702 0.425002 0.350296 
0.243802 0.395702 0.360496 
0.142503 0.292603 0.564895 
0.145603 0.243304 0.611093 
0.201002 0.494201 0.304797 
0.114401 0.558201 0.327398 
0.132102 0.386401 0.481497 
0.029701 0.201001 0.769298 
0.0266 0.410901 0.562499 
0.149 0.850999 
0.118302 0.533301 0.348397 
0.124402 0.460501 0.415097 
0.030001 0.290201 0.679799 
0.0295 0.369901 0.600599 
0.3118 0.688199 
0.2133 0.7867 
0.2685 0.731499 
0.0717 0.9283 
0.1079 0.8921 
0.1647 0.8353 
1.0 
1.0 
1.0 
1.0 
1.0 
1.0 
1.0 
0.0401 0.9599 
0.1995 0.8005 
0.3707 0.6293 
0.0213 0.471301 0.507399 
0.111401 0.589901 0.298698 
0.179101 0.624901 0.195998 
0.243902 0.6441 0.111998 
0.244601 0.755399 
0.037299 0.962701 
0.0169 0.9831 
0.137202 0.862798 
0.999999 
0.205302 0.794698 
0.622505 0.377495 
0.559205 0.440795 
0.773904 0.226096 
0.695704 0.304296 
0.955901 0.044099 
1.0 
0.9842 0.0158 
0.976401 0.023599 
1.0 
1.0 
1.0 
1.0 
1.0 
1.0 
1.0 
0.976501 0.023499 
1.0 
1.0 
1.0 
1.0 
1.0 
1.0 
1.0 
1.0 
0.978701 0.021299 
1.0 
1.0 
1.0 
1.0 
1.0 
1.0 
1.0 
1.0 
1.0 
1.0 
1.0 
1.0 
0.837701 0.162299 
0.838901 0.161099 
0.932102 0.067898 
0.948402 0.051598 
0.823002 0.176998 
0.781201 0.218799 
0.903402 0.096598 
0.106701 0.515301 0.377998 
0.070001 0.6129 0.317099 
0.156401 0.744299 0.099299 
0.190801 0.6299 0.179299 
0.060801 0.319603 0.619596 
0.039401 0.299202 0.661398 
0.0358 0.186704 0.777496 
0.019701 0.147302 0.832997 
0.073302 0.926697 
0.039102 0.960897 
0.999998 
0.401101 0.556299 0.0426 
0.607301 0.392699 
0.016301 0.305402 0.678298 
0.0245 0.6074 0.3681 
0.133202 0.866798 
0.057101 0.942898 
0.027501 0.972499 
0.999998 
0.078402 0.417701 0.503897 
0.051001 0.309903 0.639096 
0.131202 0.5403 0.328498 
0.194702 0.5084 0.296898 
0.253903 0.5067 0.239397 
0.320403 0.531999 0.147598 
0.253802 0.560199 0.185999 
0.453701 0.499499 0.0468 
0.634401 0.365599 
0.756401 0.243599 
0.749601 0.250399 
0.026 0.8775 0.0965 
0.0286 0.9714 
0.255602 0.744398 
0.110301 0.889699 
0.839901 0.160099 
0.838401 0.161599 
0.916801 0.083199 
0.914001 0.085999 
0.951201 0.048799 
0.972 0.028 
0.979101 0.020899 
0.955501 0.044499 
0.958201 0.0418 
0.950001 0.049999 
0.037001 0.962999 
0.999999 
1.0 
1.0 
1.0 
1.0 
1.0 
1.0 
1.0 
0.0244 0.9756 
0.999999 
1.0 
1.0 
0.092901 0.907099 
0.072401 0.927599 
0.0537 0.946299 
0.0518 0.9482 
0.2355 0.7645 
1.0 
1.0 
0.865899 0.134101 
1.0 
0.8613 0.1387 
1.0 
0.9769 0.0231 
1.0 
0.868802 0.131198 
1.0 
0.181502 0.583701 0.234798 
0.188802 0.536802 0.274397 
0.179001 0.602901 0.218098 
0.248102 0.6137 0.138198 
0.244602 0.6292 0.126198 
0.206898 0.793101 
0.888198 0.111802 
1.0 
0.2385 0.7615 
0.249299 0.750701 
0.864498 0.135502 
1.0 
0.5834 0.4166 
0.580399 0.419601 
0.583898 0.416102 
0.580998 0.419002 
0.568599 0.431401 
0.1365 0.8635 
1.0 
1.0 
1.0 
1.0 
0.0077 0.9923 
0.0092 0.990799 
0.0033 0.012502 0.984197 
0.999999 
0.004001 0.052503 0.943496 
0.013603 0.986397 
0.999998 
1.0 
1.0 
0.008601 0.099204 0.892195 
0.014401 0.019703 0.965896 
0.0018 0.0167 0.9815 
0.0146 0.9854 
1.0 
1.0 
1.0 
1.0 
1.0 
1.0 
0.999998 
1.0 
1.0 
1.0 
0.014902 0.985098 
0.999999 
0.999999 
1.0 
0.0013 0.064902 0.933798 
0.040801 0.959199 
0.013302 0.986698 
0.006102 0.993898 
0.344004 0.488498 0.167498 
0.253305 0.446699 0.299996 
0.271404 0.44 0.288596 
0.137203 0.195004 0.667792 
0.272003 0.375401 0.352596 
0.432004 0.453599 0.114398 
0.832402 0.167598 
1.0 
1.0 
1.0 
1.0 
1.0 
1.0 
1.0 
0.975901 0.024099 
0.903302 0.096698 
0.002 0.115904 0.882096 
0.049703 0.269704 0.680594 
0.012801 0.191903 0.795296 
0.054402 0.195405 0.750193 
0.011201 0.111105 0.877695 
0.041302 0.089105 0.869594 
0.008001 0.040804 0.951195 
0.0014 0.054003 0.944596 
0.020502 0.979498 
0.046303 0.298703 0.654994 
0.017202 0.236504 0.746294 
0.111304 0.376302 0.512394 
0.121404 0.356603 0.521993 
0.119604 0.269105 0.611292 
0.109503 0.169505 0.720993 
0.281704 0.406701 0.311595 
0.280804 0.373401 0.345795 
0.050602 0.194205 0.755194 
0.083303 0.275305 0.641393 
0.041802 0.164605 0.793593 
0.806702 0.193298 
0.622702 0.377298 
0.386303 0.606297 0.0074 
0.607203 0.392797 
0.9547 0.0453 
0.974999 0.025 
0.129302 0.870698 
0.211202 0.788798 
0.240903 0.742098 0.016999 
0.269303 0.730697 
0.283403 0.716597 
0.048702 0.951298 
0.050202 0.949798 
0.049302 0.790499 0.160199 
0.050301 0.602901 0.346798 
0.054301 0.544001 0.401698 
0.057801 0.502301 0.439898 
0.061001 0.470901 0.468098 
0.063801 0.389 0.547199 
0.072302 0.284701 0.642998 
0.074802 0.164901 0.760297 
0.075202 0.116102 0.808696 
0.075202 0.077805 0.846993 
0.652804 0.347196 
0.379404 0.508097 0.112499 
0.009801 0.194004 0.796195 
0.036102 0.263003 0.700895 
0.084704 0.344303 0.570994 
0.150904 0.415402 0.433694 
0.0648 0.8803 0.0549 
0.0706 0.9294 
0.205501 0.794499 
0.211801 0.788199 
0.369404 0.514297 0.116298 
0.273203 0.533099 0.193698 
0.225303 0.4895 0.285196 
0.668304 0.318597 0.0131 
0.481804 0.430998 0.087198 
0.466104 0.435498 0.098398 
0.406403 0.593597 
0.441104 0.558896 
0.511204 0.488796 
0.948401 0.051599 
0.980001 0.019999 
1.0 
1.0 
1.0 
1.0 
0.0747 0.9253 
0.095599 0.904401 
0.1197 0.8803 
0.1563 0.8437 
0.1958 0.8042 
1.0 
1.0 
1.0 
1.0 
1.0 
1.0 
1.0 
1.0 
1.0 
1.0 
1.0 
1.0 
1.0 
1.0 
1.0 
1.0 
1.0 
1.0 
1.0 
1.0 
1.0 
1.0 
1.0 
1.0 
1.0 
1.0 
1.0 
1.0 
1.0 
1.0 
1.0 
1.0 
1.0 
1.0 
1.0 
1.0 
1.0 
1.0 
1.0 
1.0 
1.0 
1.0 
1.0 
1.0 
1.0 
1.0 
1.0 
1.0 
1.0 
1.0 
1.0 
1.0 
1.0 
1.0 
1.0 
1.0 
0.825603 0.174397 
0.758003 0.241997 
0.616904 0.362197 0.020899 
0.561704 0.407497 0.030799 
0.450303 0.503899 0.045798 
0.402503 0.538599 0.058898 
0.686904 0.313096 
0.0177 0.9823 
1.0 
1.0 
0.0025 0.9975 
1.0 
1.0 
0.024499 0.975501 
1.0 
0.010601 0.082904 0.906495 
0.028503 0.971497 
0.999998 
1.0 
1.0 
1.0 
1.0 
1.0 
1.0 
1.0 
0.999999 
0.016999 0.983001 
0.0032 0.9968 
0.029803 0.970197 
0.001901 0.056403 0.941696 
0.044802 0.955198 
0.093802 0.906197 
0.019102 0.980898 
0.001501 0.998499 
1.0 
1.0 
1.0 
1.0 
1.0 
1.0 
1.0 
1.0 
1.0 
1.0 
1.0 
1.0 
1.0 
1.0 
1.0 
1.0 
1.0 
1.0 
1.0 
1.0 
1.0 
1.0 
1.0 
1.0 
1.0 
1.0 
1.0 
1.0 
1.0 
1.0 
1.0 
1.0 
1.0 
1.0 
1.0 
0.400503 0.515398 0.084099 
0.285303 0.5222 0.192497 
0.163503 0.486701 0.349796 
0.074202 0.347503 0.578295 
0.024501 0.196703 0.778796 
0.003601 0.103103 0.893296 
0.034703 0.965297 
0.999999 
1.0 
1.0 
1.0 
1.0 
1.0 
1.0 
1.0 
1.0 
1.0 
0.0171 0.9829 
0.005101 0.0252 0.9697 
0.037401 0.030102 0.932497 
0.075402 0.084704 0.839894 
0.145003 0.215704 0.639293 
0.705703 0.294297 
0.859602 0.140398 
0.798403 0.201597 
0.729402 0.270598 
0.780703 0.219297 
0.1142 0.885799 
0.032101 0.1452 0.822699 
0.074002 0.218401 0.707597 
0.137602 0.332202 0.530196 
0.215602 0.457102 0.327296 
0.292503 0.5481 0.159397 
0.365103 0.568899 0.065998 
0.924301 0.075699 
0.947701 0.052299 
0.878702 0.121298 
0.439702 0.550198 0.0101 
0.474603 0.513498 0.011899 
0.501904 0.482697 0.015399 
0.501604 0.464297 0.034099 
0.258203 0.384302 0.357496 
0.386703 0.478299 0.134997 
0.569603 0.428397 0.002 
0.533603 0.464997 0.0014 
0.500403 0.499597 
0.944001 0.055999 
0.903902 0.096098 
0.829602 0.170398 
0.718203 0.281797 
0.604004 0.395996 
0.383003 0.616997 
0.236402 0.688999 0.074598 
0.175802 0.683801 0.140397 
0.112001 0.672301 0.215698 
0.048701 0.662601 0.288698 
0.630101 0.369899 
0.515501 0.484499 
0.358402 0.641598 
0.1713 0.8287 
0.0553 0.9447 
0.516704 0.483296 
0.487904 0.512096 
0.473904 0.526096 
0.603403 0.396597 
0.404702 0.587198 0.0081 
0.471703 0.528297 
0.307603 0.612899 0.079498 
0.465803 0.534197 
0.389903 0.603098 0.007 
0.308602 0.638999 0.052399 
0.306202 0.649599 0.044199 
0.303403 0.666698 0.029899 
0.317303 0.682697 
0.339503 0.660497 
0.367904 0.632096 
0.912202 0.087798 
0.9662 0.0338 
0.937501 0.062499 
0.898402 0.101598 
0.836403 0.163597 
0.736004 0.263996 
0.599205 0.400795 
0.479104 0.520896 
0.365203 0.634797 
0.284903 0.715097 
0.698903 0.301097 
0.690403 0.309597 
0.696303 0.303697 
0.810302 0.189698 
0.813203 0.186797 
0.816902 0.183098 
0.897902 0.102098 
0.897802 0.102198 
0.900002 0.099998 
0.948301 0.051699 
0.943801 0.056199 
0.942501 0.057499 
0.255002 0.5992 0.145798 
0.9695 0.0305 
0.9703 0.0297 
0.982 0.018 
1.0 
0.968301 0.031699 
0.970701 0.029299 
1.0 
1.0 
0.974801 0.025199 
0.9684 0.0316 
1.0 
1.0 
1.0 
1.0 
1.0 
1.0 
1.0 
1.0 
1.0 
1.0 
1.0 
1.0 
1.0 
1.0 
1.0 
1.0 
1.0 
1.0 
0.309803 0.628399 0.061798 
0.394802 0.598098 0.0071 
0.459503 0.540497 
0.338703 0.591799 0.069498 
0.419302 0.571998 0.0087 
0.476203 0.523797 
1.0 
0.977201 0.022799 
0.982001 0.017999 
1.0 
1.0 
0.920001 0.079999 
0.837701 0.162299 
0.981901 0.018099 
0.955501 0.044499 
0.744301 0.255699 
0.592901 0.407099 
0.352901 0.647099 
0.874899 0.125101 
0.862598 0.137402 
1.0 
1.0 
1.0 
1.0 
1.0 
1.0 
1.0 
1.0 
1.0 
1.0 
1.0 
1.0 
1.0 
1.0 
1.0 
1.0 
1.0 
1.0 
1.0 
1.0 
1.0 
1.0 
1.0 
1.0 
1.0 
1.0 
1.0 
1.0 
1.0 
1.0 
1.0 
1.0 
1.0 
1.0 
1.0 
1.0 
1.0 
1.0 
1.0 
1.0 
1.0 
1.0 
1.0 
1.0 
0.980701 0.019299 
1.0 
0.759403 0.240597 
0.729403 0.270597 
0.497902 0.418299 0.083799 
0.519503 0.395198 0.085299 
0.955001 0.044999 
0.949201 0.050799 
1.0 
1.0 
1.0 
1.0 
1.0 
1.0 
1.0 
1.0 
0.975901 0.024099 
1.0 
0.033 0.091599 0.875401 
0.0053 0.073499 0.921201 
0.0054 0.0408 0.9538 
0.0346 0.0532 0.9122 
1.0 
1.0 
1.0 
1.0 
1.0 
1.0 
1.0 
1.0 
0.962602 0.037398 
0.962702 0.037298 
1.0 
1.0 
0.960001 0.039999 
1.0 
1.0 
0.959201 0.040799 
0.952602 0.047398 
1.0 
1.0 
1.0 
1.0 
1.0 
0.548404 0.391097 0.060499 
0.767604 0.232396 
0.784204 0.215796 
0.572504 0.385996 0.041499 
0.588004 0.378496 0.033499 
0.821603 0.178397 
0.917601 0.082399 
0.935201 0.064799 
0.879002 0.120998 
0.850801 0.149199 
0.823002 0.176998 
0.781201 0.218799 
0.593903 0.379098 0.026999 
0.517201 0.432699 0.0501 
0.670402 0.329598 
0.727203 0.272797 
0.400503 0.515398 0.084099 
0.385502 0.494901 0.119597 
0.343101 0.4982 0.158699 
0.957801 0.042199 
0.974501 0.025499 
0.141901 0.464001 0.394098 
0.099 0.444 0.457 
0.194701 0.5084 0.2969 
0.253902 0.506701 0.239397 
0.0161 0.187099 0.796801 
0.0212 0.134001 0.8448 
0.0526 0.3088 0.6386 
0.057701 0.3359 0.606399 
0.0245 0.196698 0.778801 
0.074201 0.3475 0.5783 
0.163501 0.4867 0.349799 
0.285302 0.5222 0.192498 
0.127601 0.363401 0.508999 
0.096501 0.356 0.547499 
0.197101 0.5039 0.298998 
0.241201 0.515101 0.243698 
0.096699 0.903301 
0.0728 0.9272 
0.0036 0.103099 0.893301 
0.0171 0.9829 
0.018298 0.981702 
1.0 
1.0 
1.0 
1.0 
1.0 
1.0 
0.017001 0.982999 
0.038499 0.961501 
0.034699 0.965301 
1.0 
0.888602 0.111398 
0.863503 0.136497 
0.738003 0.261997 
1.0 
1.0 
1.0 
1.0 
1.0 
1.0 
1.0 
1.0 
1.0 
1.0 
0.024499 0.975501 
1.0 
1.0 
1.0 
1.0 
0.052398 0.947601 
0.023 0.977 
1.0 
1.0 
1.0 
1.0 
1.0 
1.0 
1.0 
1.0 
1.0 
1.0 
0.0171 0.9829 
0.0051 0.0252 0.9697 
0.0374 0.0301 0.9325 
0.048701 0.662599 0.2887 
0.050301 0.6029 0.346799 
0.110101 0.6329 0.256999 
0.112002 0.6723 0.215699 
0.515497 0.484503 
0.447099 0.552901 
0.016601 0.547699 0.4357 
0.630098 0.369901 
0.358398 0.641602 
0.317797 0.682203 
1.0 
1.0 
1.0 
1.0 
0.156297 0.843703 
0.171297 0.828703 
0.055298 0.944702 
0.048898 0.951102 
0.176502 0.6535 0.169998 
0.175802 0.6838 0.140398 
0.313901 0.5244 0.161699 
0.224701 0.425001 0.350299 
0.243801 0.395701 0.360499 
0.353102 0.4977 0.149197 
0.1425 0.292599 0.564901 
0.1456 0.2433 0.611101 
0.0748 0.164899 0.760301 
0.0752 0.1161 0.808701 
0.292502 0.548101 0.159397 
0.270702 0.5758 0.153498 
0.201 0.494199 0.3048 
0.215601 0.457101 0.327299 
0.179101 0.6249 0.195998 
0.243902 0.6441 0.111998 
0.243502 0.6619 0.094598 
0.111401 0.5899 0.298699 
0.132101 0.386399 0.4815 
0.137601 0.332201 0.530198 
0.0723 0.284698 0.643002 
0.074 0.218398 0.707602 
0.054301 0.544 0.401699 
0.0297 0.200998 0.769302 
0.148998 0.851001 
0.114198 0.885802 
0.0321 0.145198 0.822702 
0.1244 0.460498 0.415102 
0.063801 0.388998 0.547201 
0.118301 0.5333 0.348399 
0.061001 0.470899 0.4681 
0.057801 0.5023 0.439899 
0.114401 0.5582 0.327398 
0.370699 0.629301 
0.021301 0.4713 0.5074 
0.213298 0.786702 
0.03 0.290198 0.679801 
0.0295 0.369899 0.600601 
0.268499 0.731501 
0.3118 0.6882 
0.0266 0.4109 0.562499 
0.071699 0.928301 
0.107899 0.892101 
0.164699 0.835301 
1.0 
1.0 
1.0 
1.0 
1.0 
1.0 
1.0 
0.040099 0.959901 
0.199499 0.800501 
0.244598 0.755402 
0.119698 0.880302 
0.095599 0.904401 
0.0373 0.9627 
0.016899 0.983101 
0.074698 0.925302 
0.129302 0.870698 
0.050202 0.949798 
0.211202 0.788798 
0.836403 0.163597 
0.736004 0.263996 
0.695704 0.304296 
0.805303 0.194697 
0.599204 0.400796 
0.559205 0.440795 
0.982 0.018 
1.0 
1.0 
0.9842 0.0158 
1.0 
1.0 
1.0 
1.0 
1.0 
1.0 
1.0 
1.0 
1.0 
1.0 
1.0 
1.0 
1.0 
1.0 
0.976501 0.023499 
1.0 
1.0 
1.0 
1.0 
1.0 
1.0 
1.0 
1.0 
1.0 
1.0 
0.978701 0.021299 
1.0 
1.0 
1.0 
1.0 
1.0 
1.0 
1.0 
1.0 
1.0 
1.0 
1.0 
1.0 
0.948402 0.051598 
0.932102 0.067898 
0.903402 0.096598 
0.807202 0.192798 
0.832902 0.167098 
0.655203 0.327797 0.017 
0.07 0.612899 0.317101 
0.156401 0.7443 0.0993 
0.190801 0.629899 0.1793 
0.1067 0.5153 0.378 
0.0394 0.299198 0.661402 
0.0608 0.3196 0.619601 
0.0197 0.147299 0.833001 
0.0358 0.186701 0.777499 
0.0733 0.926699 
0.0391 0.9609 
0.999999 
0.401101 0.556299 0.0426 
0.607301 0.392699 
0.0163 0.305397 0.678303 
0.0245 0.607397 0.368103 
0.133198 0.866802 
0.057099 0.942901 
0.027499 0.972501 
1.0 
0.051 0.3099 0.6391 
0.0784 0.417699 0.503901 
0.131201 0.540299 0.3285 
0.253801 0.560199 0.186 
0.453701 0.499499 0.0468 
0.634401 0.365599 
0.756401 0.243599 
0.749601 0.250399 
0.026 0.8774 0.0966 
0.110298 0.889702 
0.255597 0.744403 
0.839901 0.160099 
0.838401 0.161599 
0.916801 0.083199 
0.914001 0.085999 
0.951201 0.048799 
0.972 0.028 
0.979101 0.020899 
0.950001 0.049999 
0.036999 0.963001 
1.0 
1.0 
1.0 
1.0 
1.0 
1.0 
1.0 
1.0 
1.0 
1.0 
0.024399 0.975601 
1.0 
1.0 
1.0 
1.0 
0.092898 0.907102 
0.072498 0.927502 
0.053699 0.946301 
0.051799 0.948201 
0.206897 0.793103 
0.235496 0.764504 
0.974899 0.0251 
0.9544 0.0456 
0.8878 0.1122 
0.865499 0.134501 
0.860899 0.139101 
0.863998 0.136002 
1.0 
1.0 
1.0 
1.0 
1.0 
1.0 
1.0 
1.0 
0.958001 0.041999 
0.937101 0.062899 
0.976901 0.023099 
0.958 0.042 
0.907502 0.092498 
1.0 
1.0 
0.868802 0.131198 
1.0 
1.0 
1.0 
1.0 
1.0 
0.179001 0.6029 0.218098 
0.181501 0.5837 0.234799 
0.248102 0.6137 0.138198 
0.244602 0.6292 0.126198 
0.1888 0.536799 0.274401 
0.568396 0.431604 
0.557696 0.442304 
0.580795 0.419205 
0.249296 0.750704 
0.238496 0.761504 
0.580294 0.419706 
0.583694 0.416306 
0.583297 0.416702 
0.205501 0.794499 
0.13 0.87 
0.0648 0.8803 0.0549 
1.0 
1.0 
1.0 
1.0 
1.0 
1.0 
1.0 
1.0 
1.0 
1.0 
1.0 
0.0025 0.9975 
0.0146 0.9854 
0.0077 0.9923 
0.0092 0.9908 
0.0018 0.0167 0.9815 
0.0033 0.0125 0.984199 
0.014401 0.0197 0.965899 
1.0 
1.0 
0.036199 0.963801 
0.038199 0.961801 
0.0106 0.0829 0.9065 
0.028499 0.971501 
0.014 0.098499 0.887501 
1.0 
1.0 
1.0 
1.0 
0.049101 0.222102 0.728797 
0.022101 0.176704 0.801194 
0.008601 0.099204 0.892195 
0.023801 0.128502 0.847697 
0.0413 0.034 0.9247 
0.0046 0.0207 0.9747 
0.0166 0.9834 
1.0 
1.0 
1.0 
1.0 
1.0 
1.0 
1.0 
1.0 
1.0 
0.0136 0.9864 
1.0 
1.0 
1.0 
1.0 
1.0 
1.0 
1.0 
1.0 
1.0 
1.0 
1.0 
1.0 
0.004 0.0525 0.943499 
0.0149 0.985099 
1.0 
1.0 
1.0 
1.0 
1.0 
0.0013 0.064902 0.933797 
0.029801 0.970199 
0.001901 0.056402 0.941697 
0.0133 0.9867 
0.0015 0.9985 
0.253402 0.4467 0.299898 
0.344004 0.488498 0.167498 
0.271502 0.44 0.288498 
0.004701 0.128305 0.866994 
0.0754 0.0847 0.8399 
0.145 0.2157 0.6393 
0.258201 0.384301 0.357499 
0.386703 0.4783 0.134998 
1.0 
1.0 
0.9829 0.0171 
0.903302 0.096698 
0.832402 0.167598 
0.0408 0.9592 
0.044801 0.955199 
0.093803 0.906196 
0.002 0.115903 0.882096 
0.046302 0.298701 0.654997 
0.017202 0.236502 0.746296 
0.009801 0.194004 0.796195 
0.036102 0.263003 0.700895 
0.054403 0.195402 0.750195 
0.011201 0.111102 0.877697 
0.012802 0.191902 0.795296 
0.049703 0.269702 0.680595 
0.041301 0.0891 0.869599 
0.008001 0.040801 0.951199 
0.0014 0.054 0.9446 
1.0 
1.0 
0.0205 0.9795 
0.0061 0.9939 
0.111303 0.376301 0.512396 
0.084702 0.344301 0.570996 
0.121503 0.356601 0.521896 
0.119602 0.269102 0.611296 
0.1095 0.1695 0.721 
0.281701 0.4067 0.311599 
0.280801 0.3734 0.345799 
0.272001 0.3754 0.352599 
0.1372 0.195 0.6678 
0.0506 0.194199 0.755201 
0.0384 0.201799 0.759801 
0.083301 0.275302 0.641397 
0.0418 0.164601 0.793599 
0.151002 0.415401 0.433598 
0.450203 0.503899 0.045898 
0.402503 0.538599 0.058898 
0.501504 0.464297 0.034199 
0.778998 0.221001 
0.687798 0.312202 
0.118502 0.7657 0.115799 
0.049302 0.790498 0.1602 
0.182002 0.7562 0.061799 
0.236402 0.688999 0.074598 
0.269303 0.730697 
0.240903 0.742098 0.016999 
0.365203 0.634797 
0.284903 0.715097 
0.339503 0.660497 
0.317303 0.682697 
0.0752 0.0778 0.847 
0.379404 0.508097 0.112499 
0.369404 0.514298 0.116299 
0.320303 0.531999 0.147698 
0.273203 0.533098 0.193699 
0.0085 0.104099 0.887401 
0.225302 0.4895 0.285199 
0.455604 0.481097 0.063299 
0.668304 0.318597 0.0131 
0.481804 0.430998 0.087199 
0.466203 0.435498 0.098298 
0.431903 0.453599 0.114498 
0.479104 0.520896 
0.441104 0.558896 
0.306202 0.649599 0.044199 
0.303403 0.666698 0.029899 
0.980001 0.019999 
0.9703 0.0297 
0.955901 0.044099 
0.948401 0.051599 
0.9695 0.0305 
0.652804 0.347196 
0.760303 0.239697 
0.473904 0.526096 
0.607203 0.392797 
0.604004 0.395996 
0.487904 0.512096 
0.195797 0.804203 
0.056298 0.943702 
1.0 
1.0 
1.0 
1.0 
1.0 
1.0 
1.0 
1.0 
1.0 
1.0 
1.0 
1.0 
1.0 
1.0 
1.0 
1.0 
1.0 
1.0 
1.0 
1.0 
1.0 
1.0 
1.0 
1.0 
1.0 
1.0 
1.0 
1.0 
1.0 
1.0 
1.0 
1.0 
1.0 
1.0 
1.0 
1.0 
1.0 
1.0 
1.0 
1.0 
1.0 
1.0 
0.825603 0.174397 
0.758002 0.241998 
0.616904 0.362197 0.020899 
0.633703 0.366297 
0.569603 0.428397 0.002 
0.501904 0.482697 0.015399 
0.474603 0.513498 0.011899 
0.533603 0.464997 0.0014 
0.686904 0.313096 
0.561704 0.407497 0.030799 
0.017699 0.982301 
0.999999 
0.016999 0.983001 
0.0032 0.9968 
0.0191 0.9809 
0.806702 0.193298 
0.798403 0.201597 
0.705703 0.294297 
0.729402 0.270598 
0.622702 0.377298 
0.780703 0.219297 
0.365102 0.568899 0.065998 
0.912501 0.087499 
0.924301 0.075699 
0.966201 0.033799 
0.937501 0.062499 
0.878702 0.121298 
0.859602 0.140398 
0.500303 0.499697 
0.439702 0.550199 0.0101 
0.609503 0.390497 
0.903902 0.096098 
0.944001 0.055999 
0.718203 0.281797 
0.829602 0.170398 
0.516704 0.483296 
0.383003 0.616997 
0.406404 0.593596 
0.386303 0.606297 0.0074 
0.603403 0.396597 
0.465804 0.534196 
0.459503 0.540497 
0.471703 0.528297 
0.389903 0.603098 0.007 
0.394802 0.598098 0.0071 
0.404702 0.587198 0.0081 
0.419302 0.571998 0.0087 
0.476203 0.523797 
0.307603 0.612899 0.079498 
0.338703 0.591799 0.069498 
0.308602 0.638999 0.052399 
0.309802 0.628399 0.061798 
0.898402 0.101598 
0.698903 0.301097 
0.690403 0.309597 
0.696303 0.303697 
0.810303 0.189697 
0.813203 0.186797 
0.816902 0.183098 
0.897902 0.102098 
0.897802 0.102198 
0.900002 0.099998 
0.948301 0.051699 
0.943801 0.056199 
0.942501 0.057499 
0.255002 0.5992 0.145798 
0.968301 0.031699 
0.970701 0.029299 
0.974801 0.025199 
0.9684 0.0316 
1.0 
1.0 
1.0 
1.0 
1.0 
1.0 
1.0 
1.0 
1.0 
1.0 
1.0 
1.0 
1.0 
1.0 
1.0 
1.0 
1.0 
1.0 
1.0 
1.0 
1.0 
1.0 
1.0 
1.0 
1.0 
1.0 
1.0 
1.0 
1.0 
1.0 
1.0 
1.0 
1.0 
1.0 
1.0 
1.0 
1.0 
1.0 
1.0 
1.0 
1.0 
1.0 
1.0 
1.0 
1.0 
1.0 
1.0 
1.0 
1.0 
1.0 
1.0 
1.0 
1.0 
1.0 
1.0 
1.0 
1.0 
1.0 
1.0 
1.0 
1.0 
1.0 
1.0 
1.0 
1.0 
1.0 
1.0 
1.0 
1.0 
1.0 
1.0 
1.0 
1.0 
1.0 
1.0 
1.0 
1.0 
1.0 
1.0 
1.0 
1.0 
1.0 
1.0 
1.0 
1.0 
1.0 
1.0 
1.0 
1.0 
1.0 
1.0 
1.0 
1.0 
1.0 
1.0 
1.0 
1.0 
1.0 
1.0 
1.0 
1.0 
1.0 
1.0 
1.0 
1.0 
1.0 
1.0 
1.0 
1.0 
1.0 
1.0 
1.0 
1.0 
1.0 
1.0 
1.0 
1.0 
1.0 
1.0 
1.0 
1.0 
1.0 
1.0 
1.0 
1.0 
1.0 
1.0 
1.0 
1.0 
1.0 
1.0 
1.0 
1.0 
1.0 
1.0 
1.0 
1.0 
1.0 
1.0 
1.0 
1.0 
1.0 
1.0 
1.0 
1.0 
1.0 
1.0 
1.0 
1.0 
1.0 
1.0 
1.0 
1.0 
1.0 
1.0 
1.0 
1.0 
1.0 
1.0 
1.0 
1.0 
1.0 
1.0 
1.0 
1.0 
1.0 
1.0 
1.0 
1.0 
1.0 
1.0 
1.0 
1.0 
1.0 
1.0 
1.0 
1.0 
1.0 
1.0 
1.0 
1.0 
1.0 
1.0 
1.0 
1.0 
1.0 
1.0 
1.0 
1.0 
1.0 
1.0 
1.0 
1.0 
1.0 
1.0 
1.0 
1.0 
1.0 
1.0 
1.0 
1.0 
1.0 
1.0 
1.0 
1.0 
1.0 
1.0 
1.0 
1.0 
1.0 
1.0 
1.0 
1.0 
1.0 
1.0 
1.0 
1.0 
1.0 
1.0 
1.0 
1.0 
1.0 
1.0 
1.0 
1.0 
1.0 
1.0 
1.0 
1.0 
1.0 
1.0 
1.0 
1.0 
1.0 
1.0 
1.0 
1.0 
1.0 
1.0 
1.0 
1.0 
1.0 
1.0 
1.0 
1.0 
1.0 
1.0 
1.0 
1.0 
1.0 
1.0 
1.0 
1.0 
1.0 
1.0 
1.0 
1.0 
1.0 
1.0 
1.0 
1.0 
1.0 
1.0 
1.0 
1.0 
1.0 
1.0 
1.0 
1.0 
1.0 
1.0 
1.0 
1.0 
1.0 
1.0 
1.0 
1.0 
1.0 
1.0 
1.0 
1.0 
1.0 
1.0 
1.0 
1.0 
1.0 
1.0 
1.0 
1.0 
1.0 
1.0 
1.0 
1.0 
1.0 
1.0 
1.0 
1.0 
1.0 
1.0 
1.0 
1.0 
1.0 
1.0 
1.0 
1.0 
1.0 
1.0 
1.0 
1.0 
1.0 
1.0 
1.0 
1.0 
1.0 
1.0 
1.0 
1.0 
1.0 
1.0 
1.0 
1.0 
1.0 
1.0 
1.0 
1.0 
1.0 
1.0 
1.0 
1.0 
1.0 
1.0 
1.0 
1.0 
1.0 
1.0 
1.0 
1.0 
1.0 
1.0 
1.0 
1.0 
1.0 
1.0 
1.0 
1.0 
1.0 
1.0 
1.0 
1.0 
1.0 
1.0 
1.0 
1.0 
1.0 
1.0 
1.0 
1.0 
1.0 
1.0 
1.0 
1.0 
1.0 
1.0 
1.0 
1.0 
1.0 
1.0 
1.0 
1.0 
1.0 
1.0 
1.0 
1.0 
1.0 
1.0 
1.0 
1.0 
1.0 
1.0 
1.0 
1.0 
1.0 
1.0 
1.0 
1.0 
1.0 
1.0 
1.0 
1.0 
1.0 
1.0 
1.0 
1.0 
1.0 
1.0 
1.0 
1.0 
1.0 
1.0 
1.0 
1.0 
1.0 
1.0 
1.0 
1.0 
1.0 
1.0 
1.0 
1.0 
1.0 
1.0 
1.0 
1.0 
1.0 
1.0 
1.0 
1.0 
1.0 
1.0 
1.0 
1.0 
1.0 
1.0 
1.0 
1.0 
1.0 
1.0 
1.0 
1.0 
1.0 
1.0 
1.0 
1.0 
1.0 
1.0 
1.0 
1.0 
1.0 
1.0 
1.0 
1.0 
1.0 
1.0 
1.0 
1.0 
1.0 
1.0 
1.0 
1.0 
1.0 
1.0 
1.0 
1.0 
1.0 
1.0 
1.0 
1.0 
1.0 
1.0 
1.0 
1.0 
1.0 
1.0 
1.0 
1.0 
1.0 
1.0 
1.0 
1.0 
1.0 
1.0 
1.0 
1.0 
1.0 
1.0 
1.0 
1.0 
1.0 
1.0 
1.0 
1.0 
1.0 
1.0 
1.0 
1.0 
1.0 
1.0 
1.0 
1.0 
1.0 
1.0 
1.0 
1.0 
1.0 
1.0 
1.0 
1.0 
1.0 
1.0 
1.0 
1.0 
1.0 
1.0 
1.0 
1.0 
1.0 
1.0 
1.0 
1.0 
1.0 
1.0 
1.0 
1.0 
1.0 
1.0 
1.0 
1.0 
1.0 
1.0 
1.0 
1.0 
1.0 
1.0 
1.0 
1.0 
1.0 
1.0 
1.0 
1.0 
1.0 
1.0 
1.0 
1.0 
1.0 
1.0 
1.0 
1.0 
1.0 
1.0 
1.0 
1.0 
1.0 
1.0 
1.0 
1.0 
1.0 
1.0 
1.0 
1.0 
1.0 
1.0 
1.0 
1.0 
1.0 
1.0 
1.0 
1.0 
1.0 
1.0 
1.0 
1.0 
1.0 
1.0 
1.0 
1.0 
1.0 
1.0 
1.0 
1.0 
1.0 
1.0 
1.0 
1.0 
1.0 
1.0 
1.0 
1.0 
1.0 
1.0 
1.0 
1.0 
1.0 
1.0 
1.0 
1.0 
1.0 
1.0 
1.0 
1.0 
1.0 
1.0 
1.0 
1.0 
1.0 
1.0 
1.0 
1.0 
1.0 
1.0 
1.0 
1.0 
1.0 
1.0 
1.0 
1.0 
1.0 
1.0 
1.0 
1.0 
1.0 
1.0 
1.0 
1.0 
1.0 
1.0 
1.0 
1.0 
1.0 
1.0 
1.0 
1.0 
1.0 
1.0 
1.0 
1.0 
1.0 
1.0 
1.0 
1.0 
1.0 
1.0 
1.0 
1.0 
1.0 
1.0 
1.0 
1.0 
1.0 
1.0 
1.0 
1.0 
1.0 
1.0 
1.0 
1.0 
1.0 
1.0 
1.0 
1.0 
1.0 
1.0 
1.0 
1.0 
1.0 
1.0 
1.0 
1.0 
1.0 
1.0 
1.0 
1.0 
1.0 
1.0 
1.0 
1.0 
1.0 
1.0 
1.0 
1.0 
1.0 
1.0 
1.0 
1.0 
1.0 
1.0 
1.0 
1.0 
1.0 
1.0 
1.0 
1.0 
1.0 
1.0 
1.0 
1.0 
1.0 
1.0 
1.0 
1.0 
1.0 
1.0 
1.0 
1.0 
1.0 
1.0 
1.0 
1.0 
1.0 
1.0 
1.0 
1.0 
1.0 
1.0 
1.0 
1.0 
1.0 
1.0 
1.0 
1.0 
1.0 
1.0 
1.0 
1.0 
1.0 
1.0 
1.0 
1.0 
1.0 
1.0 
1.0 
1.0 
1.0 
1.0 
1.0 
1.0 
1.0 
1.0 
1.0 
1.0 
1.0 
1.0 
1.0 
1.0 
1.0 
1.0 
1.0 
1.0 
1.0 
1.0 
1.0 
1.0 
1.0 
1.0 
1.0 
1.0 
1.0 
1.0 
1.0 
1.0 
1.0 
1.0 
1.0 
1.0 
1.0 
1.0 
1.0 
1.0 
1.0 
1.0 
1.0 
1.0 
1.0 
1.0 
1.0 
1.0 
1.0 
1.0 
1.0 
1.0 
1.0 
1.0 
1.0 
1.0 
1.0 
1.0 
1.0 
1.0 
1.0 
1.0 
1.0 
1.0 
1.0 
1.0 
1.0 
1.0 
1.0 
1.0 
1.0 
1.0 
1.0 
1.0 
1.0 
1.0 
1.0 
1.0 
1.0 
1.0 
1.0 
1.0 
1.0 
1.0 
1.0 
1.0 
1.0 
1.0 
1.0 
1.0 
1.0 
1.0 
1.0 
1.0 
1.0 
1.0 
1.0 
1.0 
1.0 
1.0 
1.0 
1.0 
1.0 
1.0 
1.0 
1.0 
1.0 
1.0 
1.0 
1.0 
1.0 
1.0 
1.0 
1.0 
1.0 
1.0 
1.0 
1.0 
1.0 
1.0 
1.0 
1.0 
1.0 
1.0 
1.0 
1.0 
1.0 
1.0 
1.0 
1.0 
1.0 
1.0 
1.0 
1.0 
1.0 
1.0 
1.0 
1.0 
1.0 
1.0 
1.0 
1.0 
1.0 
1.0 
1.0 
1.0 
1.0 
1.0 
1.0 
1.0 
1.0 
1.0 
1.0 
1.0 
1.0 
1.0 
1.0 
1.0 
1.0 
1.0 
1.0 
1.0 
1.0 
1.0 
1.0 
1.0 
1.0 
1.0 
1.0 
1.0 
1.0 
1.0 
1.0 
1.0 
1.0 
1.0 
1.0 
1.0 
1.0 
1.0 
1.0 
1.0 
1.0 
1.0 
1.0 
1.0 
1.0 
1.0 
1.0 
1.0 
1.0 
1.0 
1.0 
1.0 
1.0 
1.0 
1.0 
1.0 
1.0 
1.0 
1.0 
1.0 
1.0 
1.0 
1.0 
1.0 
1.0 
1.0 
1.0 
1.0 
1.0 
1.0 
1.0 
1.0 
1.0 
1.0 
1.0 
1.0 
1.0 
1.0 
1.0 
1.0 
1.0 
1.0 
1.0 
1.0 
1.0 
1.0 
1.0 
1.0 
1.0 
1.0 
1.0 
1.0 
1.0 
1.0 
1.0 
1.0 
1.0 
1.0 
1.0 
1.0 
1.0 
1.0 
1.0 
1.0 
1.0 
1.0 
1.0 
1.0 
1.0 
1.0 
1.0 
1.0 
1.0 
1.0 
1.0 
1.0 
1.0 
1.0 
1.0 
1.0 
1.0 
1.0 
1.0 
1.0 
1.0 
1.0 
1.0 
1.0 
1.0 
1.0 
1.0 
1.0 
1.0 
1.0 
1.0 
1.0 
1.0 
1.0 
1.0 
1.0 
1.0 
1.0 
1.0 
1.0 
1.0 
1.0 
1.0 
1.0 
1.0 
1.0 
1.0 
1.0 
1.0 
1.0 
1.0 
1.0 
1.0 
1.0 
1.0 
1.0 
1.0 
1.0 
1.0 
1.0 
1.0 
1.0 
1.0 
1.0 
1.0 
1.0 
1.0 
1.0 
1.0 
1.0 
1.0 
1.0 
1.0 
1.0 
1.0 
1.0 
1.0 
1.0 
1.0 
1.0 
1.0 
1.0 
1.0 
1.0 
1.0 
1.0 
1.0 
1.0 
1.0 
1.0 
1.0 
1.0 
1.0 
1.0 
1.0 
1.0 
1.0 
1.0 
1.0 
1.0 
1.0 
1.0 
1.0 
1.0 
1.0 
1.0 
1.0 
1.0 
1.0 
1.0 
1.0 
1.0 
1.0 
1.0 
1.0 
1.0 
1.0 
1.0 
1.0 
1.0 
1.0 
1.0 
1.0 
1.0 
1.0 
1.0 
1.0 
1.0 
1.0 
1.0 
1.0 
1.0 
1.0 
1.0 
1.0 
1.0 
1.0 
1.0 
1.0 
1.0 
1.0 
1.0 
1.0 
1.0 
1.0 
1.0 
1.0 
1.0 
1.0 
1.0 
1.0 
1.0 
1.0 
1.0 
1.0 
1.0 
1.0 
1.0 
1.0 
1.0 
1.0 
1.0 
1.0 
1.0 
1.0 
1.0 
1.0 
1.0 
1.0 
1.0 
1.0 
1.0 
1.0 
1.0 
1.0 
1.0 
1.0 
1.0 
1.0 
1.0 
1.0 
1.0 
1.0 
1.0 
1.0 
1.0 
1.0 
1.0 
1.0 
1.0 
1.0 
1.0 
1.0 
1.0 
1.0 
1.0 
1.0 
1.0 
1.0 
1.0 
1.0 
1.0 
1.0 
1.0 
1.0 
1.0 
1.0 
1.0 
1.0 
1.0 
1.0 
1.0 
1.0 
1.0 
1.0 
1.0 
1.0 
1.0 
1.0 
1.0 
1.0 
1.0 
1.0 
1.0 
1.0 
1.0 
1.0 
1.0 
1.0 
1.0 
1.0 
1.0 
1.0 
1.0 
1.0 
1.0 
1.0 
1.0 
1.0 
1.0 
1.0 
1.0 
1.0 
1.0 
1.0 
1.0 
1.0 
1.0 
1.0 
1.0 
1.0 
1.0 
1.0 
1.0 
1.0 
1.0 
1.0 
1.0 
1.0 
1.0 
1.0 
1.0 
1.0 
1.0 
1.0 
1.0 
1.0 
1.0 
1.0 
1.0 
1.0 
1.0 
1.0 
1.0 
1.0 
1.0 
1.0 
1.0 
1.0 
1.0 
1.0 
1.0 
1.0 
1.0 
1.0 
1.0 
1.0 
1.0 
1.0 
1.0 
1.0 
1.0 
1.0 
1.0 
1.0 
1.0 
1.0 
1.0 
1.0 
1.0 
1.0 
1.0 
1.0 
1.0 
1.0 
1.0 
1.0 
1.0 
1.0 
1.0 
1.0 
1.0 
1.0 
1.0 
1.0 
1.0 
1.0 
1.0 
1.0 
1.0 
1.0 
1.0 
1.0 
1.0 
1.0 
1.0 
1.0 
1.0 
1.0 
1.0 
1.0 
1.0 
1.0 
1.0 
1.0 
1.0 
1.0 
1.0 
1.0 
1.0 
1.0 
1.0 
1.0 
1.0 
1.0 
1.0 
1.0 
1.0 
1.0 
1.0 
1.0 
1.0 
1.0 
1.0 
1.0 
1.0 
1.0 
1.0 
1.0 
1.0 
1.0 
1.0 
1.0 
1.0 
1.0 
1.0 
1.0 
1.0 
1.0 
1.0 
1.0 
1.0 
1.0 
1.0 
1.0 
1.0 
1.0 
1.0 
1.0 
1.0 
1.0 
1.0 
1.0 
1.0 
1.0 
1.0 
1.0 
1.0 
1.0 
1.0 
1.0 
1.0 
1.0 
1.0 
1.0 
1.0 
1.0 
1.0 
1.0 
1.0 
1.0 
1.0 
1.0 
1.0 
1.0 
1.0 
1.0 
1.0 
1.0 
1.0 
1.0 
1.0 
1.0 
1.0 
1.0 
1.0 
1.0 
1.0 
1.0 
1.0 
1.0 
1.0 
1.0 
1.0 
1.0 
1.0 
1.0 
1.0 
1.0 
1.0 
1.0 
1.0 
1.0 
1.0 
1.0 
1.0 
1.0 
1.0 
1.0 
1.0 
1.0 
1.0 
1.0 
1.0 
1.0 
1.0 
1.0 
1.0 
1.0 
1.0 
1.0 
1.0 
1.0 
1.0 
1.0 
1.0 
1.0 
1.0 
1.0 
1.0 
1.0 
1.0 
1.0 
1.0 
1.0 
1.0 
1.0 
1.0 
1.0 
1.0 
1.0 
1.0 
1.0 
1.0 
1.0 
1.0 
1.0 
1.0 
1.0 
1.0 
1.0 
1.0 
1.0 
1.0 
1.0 
1.0 
1.0 
1.0 
1.0 
1.0 
1.0 
1.0 
1.0 
1.0 
1.0 
1.0 
1.0 
1.0 
1.0 
1.0 
1.0 
1.0 
1.0 
1.0 
1.0 
1.0 
1.0 
1.0 
1.0 
1.0 
1.0 
1.0 
1.0 
1.0 
1.0 
1.0 
1.0 
1.0 
1.0 
1.0 
1.0 
1.0 
1.0 
1.0 
1.0 
1.0 
1.0 
1.0 
1.0 
1.0 
1.0 
1.0 
1.0 
1.0 
1.0 
1.0 
1.0 
1.0 
1.0 
1.0 
1.0 
1.0 
1.0 
1.0 
1.0 
1.0 
1.0 
1.0 
1.0 
1.0 
1.0 
1.0 
1.0 
1.0 
1.0 
1.0 
1.0 
1.0 
1.0 
1.0 
1.0 
1.0 
1.0 
1.0 
1.0 
1.0 
1.0 
1.0 
1.0 
1.0 
1.0 
1.0 
1.0 
1.0 
1.0 
1.0 
1.0 
1.0 
1.0 
1.0 
1.0 
1.0 
1.0 
1.0 
1.0 
1.0 
1.0 
1.0 
1.0 
1.0 
1.0 
1.0 
1.0 
1.0 
1.0 
1.0 
1.0 
1.0 
1.0 
1.0 
1.0 
1.0 
1.0 
1.0 
1.0 
1.0 
1.0 
1.0 
1.0 
1.0 
1.0 
1.0 
1.0 
1.0 
1.0 
1.0 
1.0 
1.0 
1.0 
1.0 
1.0 
1.0 
1.0 
1.0 
1.0 
1.0 
1.0 
1.0 
1.0 
1.0 
1.0 
1.0 
1.0 
1.0 
1.0 
1.0 
1.0 
1.0 
1.0 
1.0 
1.0 
1.0 
1.0 
1.0 
1.0 
1.0 
1.0 
1.0 
1.0 
1.0 
1.0 
1.0 
1.0 
1.0 
1.0 
1.0 
1.0 
1.0 
1.0 
1.0 
1.0 
1.0 
1.0 
1.0 
1.0 
1.0 
1.0 
1.0 
1.0 
1.0 
1.0 
1.0 
1.0 
1.0 
1.0 
1.0 
1.0 
1.0 
1.0 
1.0 
1.0 
1.0 
1.0 
1.0 
1.0 
1.0 
1.0 
1.0 
1.0 
1.0 
1.0 
1.0 
1.0 
1.0 
1.0 
1.0 
1.0 
1.0 
1.0 
1.0 
1.0 
1.0 
1.0 
1.0 
1.0 
1.0 
1.0 
1.0 
1.0 
1.0 
1.0 
1.0 
1.0 
1.0 
1.0 
1.0 
1.0 
1.0 
1.0 
1.0 
1.0 
1.0 
1.0 
1.0 
1.0 
1.0 
1.0 
1.0 
1.0 
1.0 
1.0 
1.0 
1.0 
1.0 
1.0 
1.0 
1.0 
1.0 
1.0 
1.0 
1.0 
1.0 
1.0 
1.0 
1.0 
1.0 
1.0 
1.0 
1.0 
1.0 
1.0 
1.0 
1.0 
1.0 
1.0 
1.0 
1.0 
1.0 
1.0 
1.0 
1.0 
1.0 
1.0 
1.0 
1.0 
1.0 
1.0 
1.0 
1.0 
1.0 
1.0 
1.0 
1.0 
1.0 
1.0 
1.0 
1.0 
1.0 
1.0 
1.0 
1.0 
1.0 
1.0 
1.0 
1.0 
1.0 
1.0 
1.0 
1.0 
1.0 
1.0 
1.0 
1.0 
1.0 
1.0 
1.0 
1.0 
1.0 
1.0 
1.0 
1.0 
1.0 
1.0 
1.0 
1.0 
1.0 
1.0 
1.0 
1.0 
1.0 
1.0 
1.0 
1.0 
1.0 
1.0 
1.0 
1.0 
1.0 
1.0 
1.0 
1.0 
1.0 
1.0 
1.0 
1.0 
1.0 
1.0 
1.0 
1.0 
1.0 
1.0 
1.0 
1.0 
1.0 
1.0 
1.0 
1.0 
1.0 
1.0 
1.0 
1.0 
1.0 
1.0 
1.0 
1.0 
1.0 
1.0 
1.0 
1.0 
1.0 
1.0 
1.0 
1.0 
1.0 
1.0 
1.0 
1.0 
1.0 
1.0 
1.0 
1.0 
1.0 
1.0 
1.0 
1.0 
1.0 
1.0 
1.0 
1.0 
1.0 
1.0 
1.0 
1.0 
1.0 
1.0 
1.0 
1.0 
1.0 
1.0 
1.0 
1.0 
1.0 
1.0 
1.0 
1.0 
1.0 
1.0 
1.0 
1.0 
1.0 
1.0 
1.0 
1.0 
1.0 
1.0 
1.0 
1.0 
1.0 
1.0 
1.0 
1.0 
1.0 
1.0 
1.0 
1.0 
1.0 
1.0 
1.0 
1.0 
1.0 
1.0 
1.0 
1.0 
1.0 
1.0 
1.0 
1.0 
1.0 
1.0 
1.0 
1.0 
1.0 
1.0 
1.0 
1.0 
1.0 
1.0 
1.0 
1.0 
1.0 
1.0 
1.0 
1.0 
1.0 
1.0 
1.0 
1.0 
1.0 
1.0 
1.0 
1.0 
1.0 
1.0 
1.0 
1.0 
1.0 
1.0 
1.0 
1.0 
1.0 
1.0 
1.0 
1.0 
1.0 
1.0 
1.0 
1.0 
1.0 
1.0 
1.0 
1.0 
1.0 
1.0 
1.0 
1.0 
1.0 
1.0 
1.0 
1.0 
1.0 
1.0 
1.0 
1.0 
1.0 
1.0 
1.0 
1.0 
1.0 
1.0 
1.0 
1.0 
1.0 
1.0 
1.0 
1.0 
1.0 
1.0 
1.0 
1.0 
1.0 
1.0 
1.0 
1.0 
1.0 
1.0 
1.0 
1.0 
1.0 
1.0 
1.0 
1.0 
1.0 
1.0 
1.0 
1.0 
1.0 
1.0 
1.0 
1.0 
1.0 
1.0 
1.0 
1.0 
1.0 
1.0 
1.0 
1.0 
1.0 
1.0 
1.0 
1.0 
1.0 
1.0 
1.0 
1.0 
1.0 
1.0 
1.0 
1.0 
1.0 
1.0 
1.0 
1.0 
1.0 
1.0 
1.0 
1.0 
1.0 
1.0 
1.0 
1.0 
1.0 
1.0 
1.0 
1.0 
1.0 
1.0 
1.0 
1.0 
1.0 
1.0 
1.0 
1.0 
1.0 
1.0 
1.0 
1.0 
1.0 
1.0 
1.0 
1.0 
1.0 
1.0 
1.0 
1.0 
1.0 
1.0 
1.0 
1.0 
1.0 
1.0 
1.0 
1.0 
1.0 
1.0 
1.0 
1.0 
1.0 
1.0 
1.0 
1.0 
1.0 
1.0 
1.0 
1.0 
1.0 
1.0 
1.0 
1.0 
1.0 
1.0 
1.0 
1.0 
1.0 
1.0 
1.0 
1.0 
1.0 
1.0 
1.0 
1.0 
1.0 
1.0 
1.0 
1.0 
1.0 
1.0 
1.0 
1.0 
1.0 
1.0 
1.0 
1.0 
1.0 
1.0 
1.0 
1.0 
1.0 
1.0 
1.0 
1.0 
1.0 
1.0 
1.0 
1.0 
1.0 
1.0 
1.0 
1.0 
1.0 
1.0 
1.0 
1.0 
1.0 
1.0 
1.0 
1.0 
1.0 
1.0 
1.0 
1.0 
1.0 
1.0 
1.0 
1.0 
1.0 
1.0 
1.0 
1.0 
1.0 
1.0 
1.0 
1.0 
1.0 
1.0 
1.0 
1.0 
1.0 
1.0 
1.0 
1.0 
1.0 
1.0 
1.0 
1.0 
1.0 
1.0 
1.0 
1.0 
1.0 
1.0 
1.0 
1.0 
1.0 
1.0 
1.0 
1.0 
1.0 
1.0 
1.0 
1.0 
1.0 
1.0 
1.0 
1.0 
1.0 
1.0 
1.0 
1.0 
1.0 
1.0 
1.0 
1.0 
1.0 
1.0 
1.0 
1.0 
1.0 
1.0 
1.0 
1.0 
1.0 
1.0 
1.0 
1.0 
1.0 
1.0 
1.0 
1.0 
1.0 
1.0 
1.0 
1.0 
1.0 
1.0 
1.0 
1.0 
1.0 
1.0 
1.0 
1.0 
1.0 
1.0 
1.0 
1.0 
1.0 
1.0 
1.0 
1.0 
1.0 
1.0 
1.0 
1.0 
1.0 
1.0 
1.0 
1.0 
1.0 
1.0 
1.0 
1.0 
1.0 
1.0 
1.0 
1.0 
1.0 
1.0 
1.0 
1.0 
1.0 
1.0 
1.0 
1.0 
1.0 
1.0 
1.0 
1.0 
1.0 
1.0 
1.0 
1.0 
1.0 
1.0 
1.0 
1.0 
1.0 
1.0 
1.0 
1.0 
1.0 
1.0 
1.0 
1.0 
1.0 
1.0 
1.0 
1.0 
1.0 
1.0 
1.0 
1.0 
1.0 
1.0 
1.0 
1.0 
1.0 
1.0 
1.0 
1.0 
1.0 
1.0 
1.0 
1.0 
1.0 
1.0 
1.0 
1.0 
1.0 
1.0 
1.0 
1.0 
1.0 
1.0 
1.0 
1.0 
1.0 
1.0 
1.0 
1.0 
1.0 
1.0 
1.0 
1.0 
1.0 
1.0 
1.0 
1.0 
1.0 
1.0 
1.0 
1.0 
1.0 
1.0 
1.0 
1.0 
1.0 
1.0 
1.0 
1.0 
1.0 
1.0 
1.0 
1.0 
1.0 
1.0 
1.0 
1.0 
1.0 
1.0 
1.0 
1.0 
1.0 
1.0 
1.0 
1.0 
1.0 
1.0 
1.0 
1.0 
1.0 
1.0 
1.0 
1.0 
1.0 
1.0 
1.0 
1.0 
1.0 
1.0 
1.0 
1.0 
1.0 
1.0 
1.0 
1.0 
1.0 
1.0 
1.0 
1.0 
1.0 
1.0 
1.0 
1.0 
1.0 
1.0 
1.0 
1.0 
1.0 
1.0 
1.0 
1.0 
1.0 
1.0 
1.0 
1.0 
1.0 
1.0 
1.0 
1.0 
1.0 
1.0 
1.0 
1.0 
1.0 
1.0 
1.0 
1.0 
1.0 
1.0 
1.0 
1.0 
1.0 
1.0 
1.0 
1.0 
1.0 
1.0 
1.0 
1.0 
1.0 
1.0 
1.0 
1.0 
1.0 
1.0 
1.0 
1.0 
1.0 
1.0 
1.0 
1.0 
1.0 
1.0 
1.0 
1.0 
1.0 
1.0 
1.0 
1.0 
1.0 
1.0 
1.0 
1.0 
1.0 
1.0 
1.0 
1.0 
1.0 
1.0 
1.0 
1.0 
1.0 
1.0 
1.0 
1.0 
1.0 
1.0 
1.0 
1.0 
1.0 
1.0 
1.0 
1.0 
1.0 
1.0 
1.0 
1.0 
1.0 
1.0 
1.0 
1.0 
1.0 
1.0 
1.0 
1.0 
1.0 
1.0 
1.0 
1.0 
1.0 
1.0 
1.0 
1.0 
1.0 
1.0 
1.0 
1.0 
1.0 
1.0 
1.0 
1.0 
1.0 
1.0 
1.0 
1.0 
1.0 
1.0 
1.0 
1.0 
1.0 
1.0 
1.0 
1.0 
1.0 
1.0 
1.0 
1.0 
1.0 
1.0 
1.0 
1.0 
1.0 
1.0 
1.0 
1.0 
1.0 
1.0 
1.0 
1.0 
1.0 
1.0 
1.0 
1.0 
1.0 
1.0 
1.0 
1.0 
1.0 
1.0 
1.0 
1.0 
1.0 
1.0 
1.0 
1.0 
1.0 
1.0 
1.0 
1.0 
1.0 
1.0 
1.0 
1.0 
1.0 
1.0 
1.0 
1.0 
1.0 
1.0 
1.0 
1.0 
1.0 
1.0 
1.0 
1.0 
1.0 
1.0 
1.0 
1.0 
1.0 
1.0 
1.0 
1.0 
1.0 
1.0 
1.0 
1.0 
1.0 
1.0 
1.0 
1.0 
1.0 
1.0 
1.0 
1.0 
1.0 
1.0 
1.0 
1.0 
1.0 
1.0 
1.0 
1.0 
1.0 
1.0 
1.0 
1.0 
1.0 
1.0 
1.0 
1.0 
1.0 
1.0 
1.0 
1.0 
1.0 
1.0 
1.0 
1.0 
1.0 
1.0 
1.0 
1.0 
1.0 
1.0 
1.0 
1.0 
1.0 
1.0 
1.0 
1.0 
1.0 
1.0 
1.0 
1.0 
1.0 
1.0 
1.0 
1.0 
1.0 
1.0 
1.0 
1.0 
1.0 
1.0 
1.0 
1.0 
1.0 
1.0 
1.0 
1.0 
1.0 
1.0 
1.0 
1.0 
1.0 
1.0 
1.0 
1.0 
1.0 
1.0 
1.0 
1.0 
1.0 
1.0 
1.0 
1.0 
1.0 
1.0 
1.0 
1.0 
1.0 
1.0 
1.0 
1.0 
1.0 
1.0 
1.0 
1.0 
1.0 
1.0 
1.0 
1.0 
1.0 
1.0 
1.0 
1.0 
1.0 
1.0 
1.0 
1.0 
1.0 
1.0 
1.0 
1.0 
1.0 
1.0 
1.0 
1.0 
1.0 
1.0 
1.0 
1.0 
1.0 
1.0 
1.0 
1.0 
1.0 
1.0 
1.0 
1.0 
1.0 
1.0 
1.0 
1.0 
1.0 
1.0 
1.0 
1.0 
1.0 
1.0 
1.0 
1.0 
1.0 
1.0 
1.0 
1.0 
1.0 
1.0 
1.0 
1.0 
1.0 
1.0 
1.0 
1.0 
1.0 
1.0 
1.0 
1.0 
1.0 
1.0 
1.0 
1.0 
1.0 
1.0 
1.0 
1.0 
1.0 
1.0 
1.0 
1.0 
1.0 
1.0 
1.0 
1.0 
1.0 
1.0 
1.0 
1.0 
1.0 
1.0 
1.0 
1.0 
1.0 
1.0 
1.0 
1.0 
1.0 
1.0 
1.0 
1.0 
1.0 
1.0 
1.0 
1.0 
1.0 
1.0 
1.0 
1.0 
1.0 
1.0 
1.0 
1.0 
1.0 
1.0 
1.0 
1.0 
1.0 
1.0 
1.0 
1.0 
1.0 
1.0 
1.0 
1.0 
1.0 
1.0 
1.0 
1.0 
1.0 
1.0 
1.0 
1.0 
1.0 
1.0 
1.0 
1.0 
1.0 
1.0 
1.0 
1.0 
1.0 
1.0 
1.0 
1.0 
1.0 
1.0 
1.0 
1.0 
1.0 
1.0 
1.0 
1.0 
1.0 
1.0 
1.0 
1.0 
1.0 
1.0 
1.0 
1.0 
1.0 
1.0 
1.0 
1.0 
1.0 
1.0 
1.0 
1.0 
1.0 
1.0 
1.0 
1.0 
1.0 
1.0 
1.0 
1.0 
1.0 
1.0 
1.0 
1.0 
1.0 
1.0 
1.0 
1.0 
1.0 
1.0 
1.0 
1.0 
1.0 
1.0 
1.0 
1.0 
1.0 
1.0 
1.0 
1.0 
1.0 
1.0 
1.0 
1.0 
1.0 
1.0 
1.0 
1.0 
1.0 
1.0 
1.0 
1.0 
1.0 
1.0 
1.0 
1.0 
1.0 
1.0 
1.0 
1.0 
1.0 
1.0 
1.0 
1.0 
1.0 
1.0 
1.0 
1.0 
1.0 
1.0 
1.0 
1.0 
1.0 
1.0 
1.0 
1.0 
1.0 
1.0 
1.0 
1.0 
1.0 
1.0 
1.0 
1.0 
1.0 
1.0 
1.0 
1.0 
1.0 
1.0 
1.0 
1.0 
1.0 
1.0 
1.0 
1.0 
1.0 
1.0 
1.0 
1.0 
1.0 
1.0 
1.0 
1.0 
1.0 
1.0 
1.0 
1.0 
1.0 
1.0 
1.0 
1.0 
1.0 
1.0 
1.0 
1.0 
1.0 
1.0 
1.0 
1.0 
1.0 
1.0 
1.0 
1.0 
1.0 
1.0 
1.0 
1.0 
1.0 
1.0 
1.0 
1.0 
1.0 
1.0 
1.0 
1.0 
1.0 
1.0 
1.0 
1.0 
1.0 
1.0 
1.0 
1.0 
1.0 
1.0 
1.0 
1.0 
1.0 
1.0 
1.0 
1.0 
1.0 
1.0 
1.0 
1.0 
1.0 
1.0 
1.0 
1.0 
1.0 
1.0 
1.0 
1.0 
1.0 
1.0 
1.0 
1.0 
1.0 
1.0 
1.0 
1.0 
1.0 
1.0 
1.0 
1.0 
1.0 
1.0 
1.0 
1.0 
1.0 
1.0 
1.0 
1.0 
1.0 
1.0 
1.0 
1.0 
1.0 
1.0 
1.0 
1.0 
1.0 
1.0 
1.0 
1.0 
1.0 
1.0 
1.0 
1.0 
1.0 
1.0 
1.0 
1.0 
1.0 
1.0 
1.0 
1.0 
1.0 
1.0 
1.0 
1.0 
1.0 
1.0 
1.0 
1.0 
1.0 
1.0 
1.0 
1.0 
1.0 
1.0 
1.0 
1.0 
1.0 
1.0 
1.0 
1.0 
1.0 
1.0 
1.0 
1.0 
1.0 
1.0 
1.0 
1.0 
1.0 
1.0 
1.0 
1.0 
1.0 
1.0 
1.0 
1.0 
1.0 
1.0 
1.0 
1.0 
1.0 
1.0 
1.0 
1.0 
1.0 
1.0 
1.0 
1.0 
1.0 
1.0 
1.0 
1.0 
1.0 
1.0 
1.0 
1.0 
1.0 
1.0 
1.0 
1.0 
1.0 
1.0 
1.0 
1.0 
1.0 
1.0 
1.0 
1.0 
1.0 
1.0 
1.0 
1.0 
1.0 
1.0 
1.0 
1.0 
1.0 
1.0 
1.0 
1.0 
1.0 
1.0 
1.0 
1.0 
1.0 
1.0 
1.0 
1.0 
1.0 
1.0 
1.0 
1.0 
1.0 
1.0 
1.0 
1.0 
1.0 
1.0 
1.0 
1.0 
1.0 
1.0 
1.0 
1.0 
1.0 
1.0 
1.0 
1.0 
1.0 
1.0 
1.0 
1.0 
1.0 
1.0 
1.0 
1.0 
1.0 
1.0 
1.0 
