0.918205 -0.228762 -0.323369 -0.069689 0.188349 0.970327 -0.151625 51.603619 0.348460 0.078317 0.934046 0.070141 0.000000 0.000000 0.000000 1.000000 0.918205 -0.228762 -0.323369 -0.069689 0.188349 0.970327 -0.151625 51.603619 0.348460 0.078317 0.934046 0.070141 0.000000 0.000000 0.000000 1.000000 
0.985862 0.123073 0.113707 -0.000000 -0.110928 0.987986 -0.107600 10.182437 -0.125584 0.093466 0.987670 -0.000000 0.000000 0.000000 0.000000 1.000000 0.985862 0.123073 0.113707 -0.000000 -0.110928 0.987986 -0.107600 10.182437 -0.125584 0.093466 0.987670 -0.000000 0.000000 0.000000 0.000000 1.000000 
0.987813 0.133105 0.080678 0.000000 -0.109397 0.962451 -0.248437 10.002675 -0.110716 0.236584 0.965282 -0.000000 0.000000 0.000000 0.000000 1.000000 0.987813 0.133105 0.080678 0.000000 -0.109397 0.962451 -0.248437 10.002675 -0.110716 0.236584 0.965282 -0.000000 0.000000 0.000000 0.000000 1.000000 
0.996823 0.026474 0.075118 0.000000 -0.005333 0.963210 -0.268696 9.322091 -0.079468 0.267441 0.960292 0.000000 0.000000 0.000000 0.000000 1.000000 0.996823 0.026474 0.075118 0.000000 -0.005333 0.963210 -0.268696 9.322091 -0.079468 0.267441 0.960292 0.000000 0.000000 0.000000 0.000000 1.000000 
0.994313 0.098391 0.040749 0.000000 -0.104602 0.974143 0.200258 16.865322 -0.019991 -0.203382 0.978895 0.000000 0.000000 0.000000 0.000000 1.000000 0.994313 0.098391 0.040749 0.000000 -0.104602 0.974143 0.200258 16.865322 -0.019991 -0.203382 0.978895 0.000000 0.000000 0.000000 0.000000 1.000000 
0.994239 -0.059016 -0.089478 -0.000000 0.096044 0.861132 0.499227 9.341924 0.047590 -0.504945 0.861839 2.841041 0.000000 0.000000 0.000000 1.000000 0.994239 -0.059016 -0.089478 -0.000000 0.096044 0.861132 0.499227 9.341924 0.047590 -0.504945 0.861839 2.841041 0.000000 0.000000 0.000000 1.000000 
-0.270058 -0.935196 0.229080 -4.569970 -0.373172 -0.117663 -0.920271 11.195845 0.887588 -0.334013 -0.317213 -0.806632 0.000000 0.000000 0.000000 1.000000 -0.270058 -0.935196 0.229080 -4.569970 -0.373172 -0.117663 -0.920271 11.195845 0.887588 -0.334013 -0.317213 -0.806632 0.000000 0.000000 0.000000 1.000000 
0.928347 0.238580 0.285047 0.000000 0.134509 0.499263 -0.855946 10.838176 -0.346525 0.832956 0.431398 0.000000 0.000000 0.000000 0.000000 1.000000 0.928347 0.238580 0.285047 0.000000 0.134509 0.499263 -0.855946 10.838176 -0.346525 0.832956 0.431398 0.000000 0.000000 0.000000 0.000000 1.000000 
0.911515 0.406299 -0.063726 -0.000000 -0.405310 0.913740 0.028335 27.841518 0.069741 0.000000 0.997565 0.000000 0.000000 0.000000 0.000000 1.000000 0.911515 0.406299 -0.063726 -0.000000 -0.405310 0.913740 0.028335 27.841518 0.069741 0.000000 0.997565 0.000000 0.000000 0.000000 0.000000 1.000000 
0.991352 0.130855 0.009883 0.000023 -0.131070 0.983671 0.123335 28.328838 0.006418 -0.123564 0.992316 0.000004 0.000000 0.000000 0.000000 1.000000 0.991352 0.130855 0.009883 0.000023 -0.131070 0.983671 0.123335 28.328838 0.006418 -0.123564 0.992316 0.000004 0.000000 0.000000 0.000000 1.000000 
0.907086 0.335919 -0.253680 2.681852 -0.392591 0.892542 -0.221903 2.464805 0.151879 0.300878 0.941491 1.573984 0.000000 0.000000 0.000000 1.000000 0.907086 0.335919 -0.253680 2.681852 -0.392591 0.892542 -0.221903 2.464805 0.151879 0.300878 0.941491 1.573984 0.000000 0.000000 0.000000 1.000000 
0.847697 -0.414001 0.331681 -0.000000 0.404424 0.908981 0.100970 4.188985 -0.343294 0.048548 0.937973 -0.000000 0.000000 0.000000 0.000000 1.000000 0.847697 -0.414001 0.331681 -0.000000 0.404424 0.908981 0.100970 4.188985 -0.343294 0.048548 0.937973 -0.000000 0.000000 0.000000 0.000000 1.000000 
0.990202 -0.003670 0.139595 -0.000000 0.000972 0.999812 0.019390 3.416271 -0.139640 -0.019065 0.990019 0.000000 0.000000 0.000000 0.000000 1.000000 0.990202 -0.003670 0.139595 -0.000000 0.000972 0.999812 0.019390 3.416271 -0.139640 -0.019065 0.990019 0.000000 0.000000 0.000000 0.000000 1.000000 
0.997099 -0.069180 -0.031730 2.259835 0.063796 0.987036 -0.147274 9.108283 0.041507 0.144822 0.988587 0.517862 0.000000 0.000000 0.000000 1.000000 0.997099 -0.069180 -0.031730 2.259835 0.063796 0.987036 -0.147274 9.108283 0.041507 0.144822 0.988587 0.517862 0.000000 0.000000 0.000000 1.000000 
0.998367 -0.028925 0.049256 -0.000000 0.043204 0.946463 -0.319909 3.700000 -0.037366 0.321515 0.946167 -0.000000 0.000000 0.000000 0.000000 1.000000 0.998367 -0.028925 0.049256 -0.000000 0.043204 0.946463 -0.319909 3.700000 -0.037366 0.321515 0.946167 -0.000000 0.000000 0.000000 0.000000 1.000000 
0.995929 -0.073114 0.052719 -0.000000 0.083846 0.966128 -0.244062 2.850000 -0.033089 0.247489 0.968326 -0.000000 0.000000 0.000000 0.000000 1.000000 0.995929 -0.073114 0.052719 -0.000000 0.083846 0.966128 -0.244062 2.850000 -0.033089 0.247489 0.968326 -0.000000 0.000000 0.000000 0.000000 1.000000 
0.994475 -0.087984 0.057248 -0.000024 0.099075 0.966933 -0.234999 9.532501 -0.034679 0.239372 0.970308 0.000040 0.000000 0.000000 0.000000 1.000000 0.994475 -0.087984 0.057248 -0.000024 0.099075 0.966933 -0.234999 9.532501 -0.034679 0.239372 0.970308 0.000040 0.000000 0.000000 0.000000 1.000000 
0.996039 -0.081345 0.035895 -0.000000 0.088777 0.887567 -0.452043 3.700000 0.004913 0.453439 0.891274 -0.000000 0.000000 0.000000 0.000000 1.000000 0.996039 -0.081345 0.035895 -0.000000 0.088777 0.887567 -0.452043 3.700000 0.004913 0.453439 0.891274 -0.000000 0.000000 0.000000 0.000000 1.000000 
0.999705 -0.017201 0.017163 -0.000000 0.021293 0.960421 -0.277736 2.950000 -0.011707 0.278020 0.960504 -0.000000 0.000000 0.000000 0.000000 1.000000 0.999705 -0.017201 0.017163 -0.000000 0.021293 0.960421 -0.277736 2.950000 -0.011707 0.278020 0.960504 -0.000000 0.000000 0.000000 0.000000 1.000000 
0.987304 -0.133673 0.085806 -1.865133 0.148605 0.968104 -0.201720 9.103592 -0.056105 0.211910 0.975677 0.043070 0.000000 0.000000 0.000000 1.000000 0.987304 -0.133673 0.085806 -1.865133 0.148605 0.968104 -0.201720 9.103592 -0.056105 0.211910 0.975677 0.043070 0.000000 0.000000 0.000000 1.000000 
0.995077 -0.097100 -0.019843 -0.000000 0.070482 0.834096 -0.547098 3.379273 0.069674 0.543006 0.836833 -0.000000 0.000000 0.000000 0.000000 1.000000 0.995077 -0.097100 -0.019843 -0.000000 0.070482 0.834096 -0.547098 3.379273 0.069674 0.543006 0.836833 -0.000000 0.000000 0.000000 0.000000 1.000000 
0.997837 -0.062540 -0.020239 0.000000 0.054831 0.961728 -0.268462 2.889685 0.036254 0.266772 0.963078 0.000000 0.000000 0.000000 0.000000 1.000000 0.997837 -0.062540 -0.020239 0.000000 0.054831 0.961728 -0.268462 2.889685 0.036254 0.266772 0.963078 0.000000 0.000000 0.000000 0.000000 1.000000 
0.974263 -0.134804 0.180665 -3.806278 0.196450 0.900802 -0.387251 8.076676 -0.110540 0.412776 0.904100 0.486704 0.000000 0.000000 0.000000 1.000000 0.974263 -0.134804 0.180665 -3.806278 0.196450 0.900802 -0.387251 8.076676 -0.110540 0.412776 0.904100 0.486704 0.000000 0.000000 0.000000 1.000000 
0.981568 -0.142223 -0.127660 -0.000000 0.044631 0.820094 -0.570486 3.600000 0.185829 0.554273 0.811325 -0.000000 0.000000 0.000000 0.000000 1.000000 0.981568 -0.142223 -0.127660 -0.000000 0.044631 0.820094 -0.570486 3.600000 0.185829 0.554273 0.811325 -0.000000 0.000000 0.000000 0.000000 1.000000 
0.992335 -0.080769 -0.093531 -0.000000 0.053535 0.963113 -0.263717 2.100000 0.111381 0.256688 0.960055 -0.000000 0.000000 0.000000 0.000000 1.000000 0.992335 -0.080769 -0.093531 -0.000000 0.053535 0.963113 -0.263717 2.100000 0.111381 0.256688 0.960055 -0.000000 0.000000 0.000000 0.000000 1.000000 
-0.066193 0.975908 0.207897 4.570446 0.227286 0.217624 -0.949200 11.195644 -0.971576 -0.015579 -0.236216 -0.806627 0.000000 0.000000 0.000000 1.000000 -0.066193 0.975908 0.207897 4.570446 0.227286 0.217624 -0.949200 11.195644 -0.971576 -0.015579 -0.236216 -0.806627 0.000000 0.000000 0.000000 1.000000 
-0.037248 -0.398140 -0.916568 0.000000 0.515529 0.778073 -0.358931 10.837706 0.856062 -0.485887 0.176271 -0.000000 0.000000 0.000000 0.000000 1.000000 -0.037248 -0.398140 -0.916568 0.000000 0.515529 0.778073 -0.358931 10.837706 0.856062 -0.485887 0.176271 -0.000000 0.000000 0.000000 0.000000 1.000000 
0.718774 -0.693737 0.045744 0.000000 0.692337 0.720228 0.044060 27.841522 -0.063512 0.000001 0.997981 -0.000000 0.000000 0.000000 0.000000 1.000000 0.718774 -0.693737 0.045744 0.000000 0.692337 0.720228 0.044060 27.841522 -0.063512 0.000001 0.997981 -0.000000 0.000000 0.000000 0.000000 1.000000 
0.589636 0.092920 -0.802306 0.000005 0.025338 0.990743 0.133366 28.328835 0.807272 -0.098966 0.581823 -0.000001 0.000000 0.000000 0.000000 1.000000 0.589636 0.092920 -0.802306 0.000005 0.025338 0.990743 0.133366 28.328835 0.807272 -0.098966 0.581823 -0.000001 0.000000 0.000000 0.000000 1.000000 
0.728582 -0.194384 0.656798 -2.681731 0.607452 0.626439 -0.488443 2.466145 -0.316498 0.754844 0.574490 1.576193 0.000000 0.000000 0.000000 1.000000 0.728582 -0.194384 0.656798 -2.681731 0.607452 0.626439 -0.488443 2.466145 -0.316498 0.754844 0.574490 1.576193 0.000000 0.000000 0.000000 1.000000 
0.884287 0.463582 0.055932 -0.000000 -0.462938 0.854728 0.234796 4.187095 0.061040 -0.233520 0.970434 0.000000 0.000000 0.000000 0.000000 1.000000 0.884287 0.463582 0.055932 -0.000000 -0.462938 0.854728 0.234796 4.187095 0.061040 -0.233520 0.970434 0.000000 0.000000 0.000000 0.000000 1.000000 
0.776558 0.616701 0.128985 0.000000 -0.610232 0.685269 0.397522 3.418388 0.156763 -0.387410 0.908482 0.000000 0.000000 0.000000 0.000000 1.000000 0.776558 0.616701 0.128985 0.000000 -0.610232 0.685269 0.397522 3.418388 0.156763 -0.387410 0.908482 0.000000 0.000000 0.000000 0.000000 1.000000 
0.991575 0.128689 0.014756 -2.259863 -0.049548 0.482073 -0.874729 9.109309 -0.119682 0.866629 0.484387 0.518034 0.000000 0.000000 0.000000 1.000000 0.991575 0.128689 0.014756 -2.259863 -0.049548 0.482073 -0.874729 9.109309 -0.119682 0.866629 0.484387 0.518034 0.000000 0.000000 0.000000 1.000000 
0.980871 0.143690 -0.131318 0.000000 -0.132949 0.001766 -0.991121 3.700000 -0.142182 0.989621 0.020836 0.000000 0.000000 0.000000 0.000000 1.000000 0.980871 0.143690 -0.131318 0.000000 -0.132949 0.001766 -0.991121 3.700000 -0.142182 0.989621 0.020836 0.000000 0.000000 0.000000 0.000000 1.000000 
0.989148 0.130838 -0.066842 -0.000000 -0.142170 0.737583 -0.660120 2.850000 -0.037067 0.662459 0.748180 0.000000 0.000000 0.000000 0.000000 1.000000 0.989148 0.130838 -0.066842 -0.000000 -0.142170 0.737583 -0.660120 2.850000 -0.037067 0.662459 0.748180 0.000000 0.000000 0.000000 0.000000 1.000000 
0.995818 0.001165 -0.091350 -0.000037 -0.081746 0.457806 -0.885286 9.533401 0.040789 0.889051 0.455987 -0.000033 0.000000 0.000000 0.000000 1.000000 0.995818 0.001165 -0.091350 -0.000037 -0.081746 0.457806 -0.885286 9.533401 0.040789 0.889051 0.455987 -0.000033 0.000000 0.000000 0.000000 1.000000 
0.973642 0.160730 -0.161824 -0.000000 -0.171880 0.050676 -0.983814 3.700000 -0.149928 0.985697 0.076967 0.000000 0.000000 0.000000 0.000000 1.000000 0.973642 0.160730 -0.161824 -0.000000 -0.171880 0.050676 -0.983814 3.700000 -0.149928 0.985697 0.076967 0.000000 0.000000 0.000000 0.000000 1.000000 
0.995697 0.089333 -0.024628 -0.000000 -0.085928 0.790595 -0.606281 2.950000 -0.034690 0.605788 0.794869 -0.000000 0.000000 0.000000 0.000000 1.000000 0.995697 0.089333 -0.024628 -0.000000 -0.085928 0.790595 -0.606281 2.950000 -0.034690 0.605788 0.794869 -0.000000 0.000000 0.000000 0.000000 1.000000 
0.972431 -0.053018 -0.227082 1.865081 -0.174434 0.480888 -0.859255 9.104528 0.154757 0.875177 0.458383 0.043028 0.000000 0.000000 0.000000 1.000000 0.972431 -0.053018 -0.227082 1.865081 -0.174434 0.480888 -0.859255 9.104528 0.154757 0.875177 0.458383 0.043028 0.000000 0.000000 0.000000 1.000000 
0.975366 0.200449 -0.092099 0.000000 -0.165201 0.387057 -0.907136 3.150000 -0.146187 0.900004 0.410636 -0.000000 0.000000 0.000000 0.000000 1.000000 0.975366 0.200449 -0.092099 0.000000 -0.165201 0.387057 -0.907136 3.150000 -0.146187 0.900004 0.410636 -0.000000 0.000000 0.000000 0.000000 1.000000 
0.978636 0.165202 -0.122389 0.000003 -0.171875 0.330701 -0.927952 2.950000 -0.112825 0.929164 0.352031 0.000001 0.000000 0.000000 0.000000 1.000000 0.978636 0.165202 -0.122389 0.000003 -0.171875 0.330701 -0.927952 2.950000 -0.112825 0.929164 0.352031 0.000001 0.000000 0.000000 0.000000 1.000000 
0.919970 -0.090224 -0.381463 3.806263 -0.254686 0.602174 -0.756652 8.077779 0.297975 0.793250 0.531003 0.486877 0.000000 0.000000 0.000000 1.000000 0.919970 -0.090224 -0.381463 3.806263 -0.254686 0.602174 -0.756652 8.077779 0.297975 0.793250 0.531003 0.486877 0.000000 0.000000 0.000000 1.000000 
0.976762 0.166997 -0.134343 -0.000000 -0.150694 0.089392 -0.984531 3.600000 -0.152405 0.981897 0.112480 0.000000 0.000000 0.000000 0.000000 1.000000 0.976762 0.166997 -0.134343 -0.000000 -0.150694 0.089392 -0.984531 3.600000 -0.152405 0.981897 0.112480 0.000000 0.000000 0.000000 0.000000 1.000000 
0.984987 0.146624 -0.091118 0.000000 -0.153892 0.506640 -0.848312 2.100000 -0.078219 0.849599 0.521598 0.000000 0.000000 0.000000 0.000000 1.000000 0.984987 0.146624 -0.091118 0.000000 -0.153892 0.506640 -0.848312 2.100000 -0.078219 0.849599 0.521598 0.000000 0.000000 0.000000 0.000000 1.000000 
-0.825462 -0.510589 0.240648 -8.207789 0.560149 -0.793561 0.237686 -6.771764 0.069609 0.331000 0.941060 -1.512219 0.000000 0.000000 0.000000 1.000000 -0.825462 -0.510589 0.240648 -8.207789 0.560149 -0.793561 0.237686 -6.771764 0.069609 0.331000 0.941060 -1.512219 0.000000 0.000000 0.000000 1.000000 
0.982539 0.002025 0.186046 0.000000 -0.171103 -0.382942 0.907788 44.371464 0.073083 -0.923770 -0.375908 -0.000000 0.000000 0.000000 0.000000 1.000000 0.982539 0.002025 0.186046 0.000000 -0.171103 -0.382942 0.907788 44.371464 0.073083 -0.923770 -0.375908 -0.000000 0.000000 0.000000 0.000000 1.000000 
0.965412 0.240244 -0.101302 -0.000000 -0.182976 0.347498 -0.919655 44.527813 -0.185740 0.906382 0.379438 0.000000 0.000000 0.000000 0.000000 1.000000 0.965412 0.240244 -0.101302 -0.000000 -0.182976 0.347498 -0.919655 44.527813 -0.185740 0.906382 0.379438 0.000000 0.000000 0.000000 0.000000 1.000000 
0.744484 0.337460 0.576078 0.000000 0.546920 0.186617 -0.816120 13.816866 -0.382913 0.922657 -0.045630 0.000000 0.000000 0.000000 0.000000 1.000000 0.744484 0.337460 0.576078 0.000000 0.546920 0.186617 -0.816120 13.816866 -0.382913 0.922657 -0.045630 0.000000 0.000000 0.000000 0.000000 1.000000 
-0.814973 0.564766 -0.129838 8.207788 -0.164088 -0.010015 0.986395 -6.771803 0.555782 0.825190 0.100833 -1.512214 0.000000 0.000000 0.000000 1.000000 -0.814973 0.564766 -0.129838 8.207788 -0.164088 -0.010015 0.986395 -6.771803 0.555782 0.825190 0.100833 -1.512214 0.000000 0.000000 0.000000 1.000000 
0.999960 0.000042 0.008914 0.000000 -0.008129 -0.406102 0.913792 44.371391 0.003658 -0.913828 -0.406085 0.000000 0.000000 0.000000 0.000000 1.000000 0.999960 0.000042 0.008914 0.000000 -0.008129 -0.406102 0.913792 44.371391 0.003658 -0.913828 -0.406085 0.000000 0.000000 0.000000 0.000000 1.000000 
0.914818 0.319526 -0.247006 -0.000000 -0.308364 0.157664 -0.938112 44.527847 -0.260807 0.934369 0.242764 -0.000000 0.000000 0.000000 0.000000 1.000000 0.914818 0.319526 -0.247006 -0.000000 -0.308364 0.157664 -0.938112 44.527847 -0.260807 0.934369 0.242764 -0.000000 0.000000 0.000000 0.000000 1.000000 
0.999988 -0.000138 -0.004969 -0.000000 -0.003043 0.773450 -0.633850 13.816865 0.003931 0.633858 0.773440 -0.000000 0.000000 0.000000 0.000000 1.000000 0.999988 -0.000138 -0.004969 -0.000000 -0.003043 0.773450 -0.633850 13.816865 0.003931 0.633858 0.773440 -0.000000 0.000000 0.000000 0.000000 1.000000 
