0.997696 0.031498 -0.060091 -3.457594 -0.02772 0.997648 0.062698 107.250923 0.061924 -0.060888 0.996222 0.129404 0.0 0.0 0.0 1.0 
0.999292 -0.037462 -0.003522 0.000441 0.037429 0.999257 -0.009175 10.664575 0.003863 0.009036 0.999952 -0.060313 0.0 0.0 0.0 1.0 
-0.94278 0.226889 0.244311 9.763075 -0.175925 -0.960961 0.213552 -5.60699 0.283226 0.158352 0.94589 -0.530617 0.0 0.0 0.0 1.0 
-0.958624 -0.156667 -0.237686 -9.823972 0.113882 -0.976271 0.18419 -5.60527 -0.260903 0.149501 0.953719 -0.013853 0.0 0.0 0.0 1.0 
0.999979 -0.006109 -0.002154 -0.0 0.00645 0.97001 0.24298 11.672976 0.000605 -0.242989 0.970029 0.0 0.0 0.0 0.0 1.0 
0.987846 -0.014278 -0.154776 -0.0 0.10303 0.805731 0.583252 46.445881 0.11638 -0.59211 0.797409 -0.0 0.0 0.0 0.0 1.0 
0.995767 0.008525 0.091522 -0.0 -0.058794 0.824439 0.562889 46.464455 -0.070656 -0.565887 0.82145 -0.0 0.0 0.0 0.0 1.0 
0.998995 -0.043701 -0.009954 -0.0 0.043396 0.998637 -0.02901 14.00684 0.011208 0.028548 0.99953 -0.0 0.0 0.0 0.0 1.0 
0.99672 -0.029443 -0.075381 -0.0 -0.061994 0.32093 -0.945072 48.472588 0.052018 0.946645 0.318052 0.0 0.0 0.0 0.0 1.0 
0.999457 0.021956 0.024549 0.0 0.016217 0.320694 -0.947044 48.435398 -0.028666 0.946928 0.320164 -0.0 0.0 0.0 0.0 1.0 
0.999225 0.039024 0.005235 0.027838 -0.036543 0.968648 -0.245733 18.914391 -0.01466 0.245351 0.969323 -0.031981 0.0 0.0 0.0 1.0 
-0.165009 0.981586 -0.096233 6.211417 0.190795 -0.063959 -0.979544 13.693408 -0.967662 -0.179994 -0.176728 -0.92443 0.0 0.0 0.0 1.0 
-0.098372 -0.995147 -0.002505 -5.180187 -0.194508 0.021696 -0.980661 14.13037 0.975956 -0.095982 -0.195699 -0.875801 0.0 0.0 0.0 1.0 
0.984474 0.016772 -0.174726 -0.0 -0.117081 0.804378 -0.582467 19.508375 0.130777 0.593881 0.793853 -0.0 0.0 0.0 0.0 1.0 
0.984666 -0.01673 0.173646 -0.0 0.116965 0.801823 -0.586003 19.400097 -0.12943 0.597328 0.791485 -0.0 0.0 0.0 0.0 1.0 
0.999464 -0.018597 0.026951 -0.001121 0.015721 0.994529 0.103274 9.868439 -0.028724 -0.102795 0.994288 4.265153 0.0 0.0 0.0 1.0 
0.803335 -0.060486 0.592447 0.0 0.589428 0.222766 -0.776498 11.085337 -0.08501 0.972994 0.214608 0.0 0.0 0.0 0.0 1.0 
0.963975 0.112935 -0.240826 -0.0 -0.260852 0.224248 -0.938972 11.154442 -0.052038 0.967966 0.245629 -0.0 0.0 0.0 0.0 1.0 
1.0 0.0 0.0 0.0 -0.0 1.0 -0.0 6.665022 0.0 -0.0 1.0 0.0 0.0 0.0 0.0 1.0 
1.0 0.0 0.0 0.0 -0.0 1.0 -0.0 6.677563 -0.0 -0.0 1.0 0.0 0.0 0.0 0.0 1.0 
1.0 -0.0 0.0 -0.002845 0.0 1.0 0.0 21.923218 -0.0 0.0 1.0 2.162354 0.0 0.0 0.0 1.0 
0.983442 -0.181222 -8e-06 -0.0 0.181222 0.983442 -2e-06 29.324198 9e-06 0.0 1.0 -0.0 0.0 0.0 0.0 1.0 
0.99052 0.137365 1.3e-05 -0.0 -0.137365 0.99052 -2e-06 29.268185 -1.4e-05 1e-06 1.0 -0.0 0.0 0.0 0.0 1.0 
0.959403 0.165246 -0.228559 3.9e-05 -0.18616 0.979801 -0.073041 29.432045 0.211873 0.112624 0.970786 1e-06 0.0 0.0 0.0 1.0 
0.971008 -0.046478 -0.234487 -5.1e-05 0.036098 0.998177 -0.048369 29.432037 0.236307 0.038502 0.970915 -1e-06 0.0 0.0 0.0 1.0 
0.931561 -0.363564 -0.003889 -3.811547 0.337352 0.868288 -0.36369 4.606555 0.135601 0.337487 0.931512 1.749776 0.0 0.0 0.0 1.0 
0.993197 -0.115349 0.015973 -3.232094 0.113531 0.928637 -0.35319 11.30028 0.025907 0.352601 0.935415 0.138113 0.0 0.0 0.0 1.0 
0.993751 -0.109806 0.020042 -1.223613 0.11059 0.94425 -0.310098 10.951419 0.015126 0.310377 0.950493 -0.155382 0.0 0.0 0.0 1.0 
0.998917 -0.039232 0.025023 0.968194 0.045632 0.931176 -0.361703 10.891455 -0.009111 0.362453 0.931958 -0.040053 0.0 0.0 0.0 1.0 
0.999563 -0.003515 0.029363 2.794804 0.017132 0.878159 -0.478061 10.076678 -0.024104 0.478355 0.877836 0.154138 0.0 0.0 0.0 1.0 
0.886503 0.4612 0.037505 3.836396 -0.427162 0.846841 -0.316848 4.593881 -0.177891 0.264866 0.947735 1.72868 0.0 0.0 0.0 1.0 
0.987403 0.156357 -0.024228 3.271465 -0.151519 0.89032 -0.429387 11.289173 -0.045567 0.427649 0.902796 0.118357 0.0 0.0 0.0 1.0 
0.996772 0.078306 -0.017704 1.260295 -0.079778 0.941442 -0.327601 10.947132 -0.008986 0.327956 0.94465 -0.164558 0.0 0.0 0.0 1.0 
0.999493 0.025874 -0.018533 -0.931073 -0.030579 0.942145 -0.333808 10.894704 0.008824 0.334206 0.942459 -0.037755 0.0 0.0 0.0 1.0 
0.992715 0.117782 -0.025392 -2.759424 -0.117067 0.892996 -0.434574 10.086237 -0.02851 0.43438 0.900278 0.16618 0.0 0.0 0.0 1.0 
0.990225 0.130647 -0.048839 -0.0 -0.124252 0.985369 0.116656 3.100258 0.063365 -0.109447 0.991971 0.0 0.0 0.0 0.0 1.0 
0.999582 0.028698 -0.003462 0.0 -0.028698 0.970892 -0.23779 2.546165 -0.003463 0.23779 0.97131 0.0 0.0 0.0 0.0 1.0 
0.999023 0.043454 -0.008099 0.0 -0.043454 0.931915 -0.360063 3.062973 -0.008099 0.360063 0.932893 0.0 0.0 0.0 0.0 1.0 
0.999205 0.039316 -0.006587 0.0 -0.039316 0.944627 -0.325781 2.472267 -0.006587 0.325781 0.945422 0.0 0.0 0.0 0.0 1.0 
0.999371 -0.031733 0.015838 0.0 0.035049 0.951926 -0.304316 2.5811 -0.00542 0.304679 0.95244 0.0 0.0 0.0 0.0 1.0 
0.900851 -0.350571 0.25606 0.0 0.34088 0.936451 0.082833 3.10026 -0.268826 0.012665 0.963105 -0.0 0.0 0.0 0.0 1.0 
0.9992 -0.039452 0.006565 0.0 0.039452 0.945333 -0.323711 2.546165 0.006565 0.323711 0.946133 -0.0 0.0 0.0 0.0 1.0 
0.998397 -0.055053 0.013155 0.0 0.055053 0.890452 -0.451736 3.062973 0.013155 0.451736 0.892055 -0.0 0.0 0.0 0.0 1.0 
0.999363 -0.035299 0.005225 -0.0 0.035299 0.956487 -0.289631 2.472267 0.005226 0.289631 0.957124 -0.0 0.0 0.0 0.0 1.0 
0.998933 -0.045344 0.008754 0.0 0.045344 0.927099 -0.372065 2.5811 0.008755 0.372065 0.928166 -0.0 0.0 0.0 0.0 1.0 
0.95492 0.272823 -0.11703 -1.2e-05 -0.262642 0.960174 0.095317 3.197065 0.138373 -0.060283 0.988544 1.6e-05 0.0 0.0 0.0 1.0 
0.999945 0.010442 -0.000453 0.0 -0.010442 0.996195 -0.086527 2.518913 -0.000452 0.086527 0.996249 0.0 0.0 0.0 0.0 1.0 
0.999893 0.014602 -0.000887 -0.0 -0.014602 0.992546 -0.120991 2.165985 -0.000887 0.120991 0.992653 0.0 0.0 0.0 0.0 1.0 
0.999799 0.019955 -0.001661 -0.0 -0.019955 0.986034 -0.165347 1.636177 -0.001661 0.165347 0.986234 0.0 0.0 0.0 0.0 1.0 
0.999945 0.010443 -0.000453 0.0 -0.010443 0.996195 -0.086529 1.516785 -0.000453 0.086529 0.996249 -0.0 0.0 0.0 0.0 1.0 
0.994016 -0.077777 0.076694 -0.0 0.068656 0.990975 0.115126 3.197061 -0.084956 -0.109171 0.990386 -0.0 0.0 0.0 0.0 1.0 
0.999923 -0.012407 0.000633 -0.0 0.012407 0.994727 -0.101803 2.518913 0.000633 0.101803 0.994804 -0.0 0.0 0.0 0.0 1.0 
0.999682 -0.025108 0.002536 0.0 0.025092 0.978221 -0.206042 2.165985 0.002693 0.20604 0.97854 0.0 0.0 0.0 0.0 1.0 
0.999757 -0.021686 0.00386 -0.0 0.022026 0.983825 -0.177775 1.636177 5.7e-05 0.177817 0.984064 -0.0 0.0 0.0 0.0 1.0 
0.999732 -0.023066 0.002203 -0.0 0.023066 0.981657 -0.189258 1.516785 0.002203 0.189258 0.981925 -0.0 0.0 0.0 0.0 1.0 
0.958041 -0.140321 0.249934 1.9e-05 0.144921 0.989443 -3e-06 2.705644 -0.247295 0.036223 0.968263 2e-06 0.0 0.0 0.0 1.0 
0.999968 -4.9e-05 0.008003 0.0 4.9e-05 1.0 -2e-06 2.485413 -0.008003 2e-06 0.999968 -0.0 0.0 0.0 0.0 1.0 
0.999957 0.001315 0.009159 -0.0 -0.001315 0.999999 0.0 2.752043 -0.009159 -1.2e-05 0.999958 0.0 0.0 0.0 0.0 1.0 
0.999889 -0.00154 0.014793 -0.0 0.00154 0.999999 -1.8e-05 2.731247 -0.014793 4.1e-05 0.999891 0.0 0.0 0.0 0.0 1.0 
0.999966 0.001148 0.0082 -0.0 -0.001149 0.999999 -0.0 1.659546 -0.0082 -9e-06 0.999966 0.0 0.0 0.0 0.0 1.0 
0.957215 0.140727 -0.252855 0.0 -0.14542 0.98937 0.000128 2.356225 0.250185 0.036648 0.967504 0.0 0.0 0.0 0.0 1.0 
0.999906 -0.002736 -0.013418 0.0 0.002738 0.999996 0.000115 2.485413 0.013418 -0.000152 0.99991 0.0 0.0 0.0 0.0 1.0 
0.999905 0.003402 -0.01339 0.0 -0.003401 0.999994 0.00011 2.91468 0.01339 -6.5e-05 0.99991 -0.0 0.0 0.0 0.0 1.0 
0.999884 0.000593 -0.015226 0.0 -0.000591 1.0 0.000133 2.731247 0.015226 -0.000124 0.999884 0.0 0.0 0.0 0.0 1.0 
0.999846 -0.004375 -0.016997 -0.0 0.004378 0.99999 0.000145 1.747192 0.016997 -0.000219 0.999856 -0.0 0.0 0.0 0.0 1.0 
