1.000000 0.000000 0.000000 0.000000 0.000000 1.000000 0.000000 0.000000 0.000000 0.000000 1.000000 0.000000 0.000000 0.000000 0.000000 1.000000 1.000000 0.000000 0.000000 0.000000 0.000000 1.000000 0.000000 0.000000 0.000000 0.000000 1.000000 0.000000 0.000000 0.000000 0.000000 1.000000
1.000000 0.000000 -0.000001 0.000000 -0.000000 -0.938630 -0.344930 0.000000 -0.000001 0.344930 -0.938630 0.000000 0.000000 0.000000 0.000000 1.000000 1.000000 0.000000 -0.000001 0.000000 -0.000000 -0.938630 -0.344930 0.000000 -0.000001 0.344930 -0.938630 0.000000 0.000000 0.000000 0.000000 1.000000
1.000000 -0.000000 -0.000001 0.000000 0.000000 -0.866169 0.499751 0.336350 -0.000001 -0.499751 -0.866169 0.000000 0.000000 0.000000 0.000000 1.000000 1.000000 -0.000000 -0.000001 0.000000 0.000000 -0.866169 0.499751 0.336350 -0.000001 -0.499751 -0.866169 0.000000 0.000000 0.000000 0.000000 1.000000
-1.000000 0.000000 -0.000005 0.000000 -0.000002 0.910421 0.413682 0.336350 0.000005 0.413682 -0.910422 0.000000 0.000000 0.000000 0.000000 1.000000 -1.000000 0.000000 -0.000005 0.000000 -0.000002 0.910421 0.413682 0.336350 0.000005 0.413682 -0.910422 0.000000 0.000000 0.000000 0.000000 1.000000
1.000000 0.000000 0.000000 0.000000 0.000000 0.892846 -0.450362 0.273174 0.000000 0.450362 0.892846 0.000000 0.000000 0.000000 0.000000 1.000000 1.000000 0.000000 0.000000 0.000000 0.000000 0.892846 -0.450362 0.273174 0.000000 0.450362 0.892846 0.000000 0.000000 0.000000 0.000000 1.000000
0.083972 0.684818 0.723861 0.000000 -0.989681 -0.027326 0.140662 0.273174 0.116107 -0.728202 0.675456 0.000000 0.000000 0.000000 0.000000 1.000000 0.083972 0.684818 0.723861 0.000000 -0.989681 -0.027326 0.140662 0.273174 0.116107 -0.728202 0.675456 0.000000 0.000000 0.000000 0.000000 1.000000
0.083972 -0.684818 -0.723861 0.000000 0.989681 -0.027326 0.140662 0.273174 -0.116107 -0.728202 0.675456 0.000000 0.000000 0.000000 0.000000 1.000000 0.083972 -0.684818 -0.723861 0.000000 0.989681 -0.027326 0.140662 0.273174 -0.116107 -0.728202 0.675456 0.000000 0.000000 0.000000 0.000000 1.000000
1.000000 0.000001 -0.000004 0.000000 -0.000000 0.992115 0.125331 0.313250 0.000004 -0.125331 0.992115 0.000000 0.000000 0.000000 0.000000 1.000000 1.000000 0.000001 -0.000004 0.000000 -0.000000 0.992115 0.125331 0.313250 0.000004 -0.125331 0.992115 0.000000 0.000000 0.000000 0.000000 1.000000
0.321452 -0.774587 -0.544687 0.000000 0.905568 0.419604 -0.062279 0.313250 0.276793 -0.473232 0.836324 0.000000 0.000000 0.000000 0.000000 1.000000 0.321452 -0.774587 -0.544687 0.000000 0.905568 0.419604 -0.062279 0.313250 0.276793 -0.473232 0.836324 0.000000 0.000000 0.000000 0.000000 1.000000
0.321454 0.774591 0.544680 0.000000 -0.905569 0.419603 -0.062279 0.313250 -0.276790 -0.473225 0.836328 0.000000 0.000000 0.000000 0.000000 1.000000 0.321454 0.774591 0.544680 0.000000 -0.905569 0.419603 -0.062279 0.313250 -0.276790 -0.473225 0.836328 0.000000 0.000000 0.000000 0.000000 1.000000
1.000000 0.000000 0.000000 0.000000 0.000000 0.823721 -0.566995 0.256557 0.000000 0.566995 0.823721 0.000000 0.000000 0.000000 0.000000 1.000000 1.000000 0.000000 0.000000 0.000000 0.000000 0.823721 -0.566995 0.256557 0.000000 0.566995 0.823721 0.000000 0.000000 0.000000 0.000000 1.000000
-0.083973 0.013521 0.996376 0.000000 -0.684818 0.725576 -0.067562 0.316909 -0.723860 -0.688010 -0.051669 0.000000 0.000000 0.000000 0.000000 1.000000 -0.083973 0.013521 0.996376 0.000000 -0.684818 0.725576 -0.067562 0.316909 -0.723860 -0.688010 -0.051669 0.000000 0.000000 0.000000 0.000000 1.000000
-0.083973 -0.013521 -0.996376 0.000000 0.684818 0.725576 -0.067562 0.316909 0.723860 -0.688010 -0.051669 0.000000 0.000000 0.000000 0.000000 1.000000 -0.083973 -0.013521 -0.996376 0.000000 0.684818 0.725576 -0.067562 0.316909 0.723860 -0.688010 -0.051669 0.000000 0.000000 0.000000 0.000000 1.000000
1.000000 -0.000000 0.000000 0.000000 0.000000 0.912985 0.407994 0.250921 -0.000000 -0.407994 0.912985 0.000000 0.000000 0.000000 0.000000 1.000000 1.000000 -0.000000 0.000000 0.000000 0.000000 0.912985 0.407994 0.250921 -0.000000 -0.407994 0.912985 0.000000 0.000000 0.000000 0.000000 1.000000
0.321453 -0.133452 0.937474 0.000000 -0.774589 0.532414 0.341391 0.289002 -0.544683 -0.835899 0.067776 0.000000 0.000000 0.000000 0.000000 1.000000 0.321453 -0.133452 0.937474 0.000000 -0.774589 0.532414 0.341391 0.289002 -0.544683 -0.835899 0.067776 0.000000 0.000000 0.000000 0.000000 1.000000
0.321454 0.133452 -0.937474 0.000000 0.774589 0.532413 0.341391 0.289002 0.544683 -0.835899 0.067776 0.000000 0.000000 0.000000 0.000000 1.000000 0.321454 0.133452 -0.937474 0.000000 0.774589 0.532413 0.341391 0.289002 0.544683 -0.835899 0.067776 0.000000 0.000000 0.000000 0.000000 1.000000
1.000000 -0.000000 -0.000001 0.000000 -0.000000 0.959886 -0.280391 0.400405 0.000001 0.280391 0.959886 0.000000 0.000000 0.000000 0.000000 1.000000 1.000000 -0.000000 -0.000001 0.000000 -0.000000 0.959886 -0.280391 0.400405 0.000001 0.280391 0.959886 0.000000 0.000000 0.000000 0.000000 1.000000
1.000000 0.000000 0.000000 0.000000 0.000000 0.996920 -0.078431 0.339529 0.000000 0.078431 0.996920 0.000000 0.000000 0.000000 0.000000 1.000000 1.000000 0.000000 0.000000 0.000000 0.000000 0.996920 -0.078431 0.339529 0.000000 0.078431 0.996920 0.000000 0.000000 0.000000 0.000000 1.000000
1.000000 0.000000 0.000000 0.000000 0.000000 0.996920 -0.078431 0.339529 0.000000 0.078431 0.996920 0.000000 0.000000 0.000000 0.000000 1.000000 1.000000 0.000000 0.000000 0.000000 0.000000 0.996920 -0.078431 0.339529 0.000000 0.078431 0.996920 0.000000 0.000000 0.000000 0.000000 1.000000 
1.000000 -0.000000 0.000000 0.000000 0.000000 0.991803 0.127778 0.142938 -0.000000 -0.127778 0.991803 0.000000 0.000000 0.000000 0.000000 1.000000 1.000000 -0.000000 0.000000 0.000000 0.000000 0.991803 0.127778 0.142938 -0.000000 -0.127778 0.991803 0.000000 0.000000 0.000000 0.000000 1.000000
1.000000 0.000000 0.000000 0.000000 0.000000 0.999713 -0.023971 0.342676 0.000000 0.023971 0.999713 0.000000 0.000000 0.000000 0.000000 1.000000 1.000000 0.000000 0.000000 0.000000 0.000000 0.999713 -0.023971 0.342676 0.000000 0.023971 0.999713 0.000000 0.000000 0.000000 0.000000 1.000000
1.000000 0.000000 0.000000 0.000000 0.000000 0.999713 -0.023971 0.342676 0.000000 0.023971 0.999713 0.000000 0.000000 0.000000 0.000000 1.000000 1.000000 0.000000 0.000000 0.000000 0.000000 0.999713 -0.023971 0.342676 0.000000 0.023971 0.999713 0.000000 0.000000 0.000000 0.000000 1.000000
-1.000000 0.000000 0.000000 0.000000 0.000000 0.165535 -0.986204 0.244801 -0.000000 -0.986204 -0.165535 0.000000 0.000000 0.000000 0.000000 1.000000 -1.000000 0.000000 0.000000 0.000000 0.000000 0.165535 -0.986204 0.244801 -0.000000 -0.986204 -0.165535 0.000000 0.000000 0.000000 0.000000 1.000000
-1.000000 0.000000 0.000000 0.000000 0.000000 0.165535 -0.986204 0.244801 -0.000000 -0.986204 -0.165535 0.000000 0.000000 0.000000 0.000000 1.000000 -1.000000 0.000000 0.000000 0.000000 0.000000 0.165535 -0.986204 0.244801 -0.000000 -0.986204 -0.165535 0.000000 0.000000 0.000000 0.000000 1.000000
-1.000000 0.000000 0.000000 0.000000 0.000000 0.139644 -0.990202 0.264543 -0.000000 -0.990202 -0.139644 0.000000 0.000000 0.000000 0.000000 1.000000 -1.000000 0.000000 0.000000 0.000000 0.000000 0.139644 -0.990202 0.264543 -0.000000 -0.990202 -0.139644 0.000000 0.000000 0.000000 0.000000 1.000000
-1.000000 0.000000 0.000000 0.000000 0.000000 0.139644 -0.990202 0.264543 -0.000000 -0.990202 -0.139644 0.000000 0.000000 0.000000 0.000000 1.000000 -1.000000 0.000000 0.000000 0.000000 0.000000 0.139644 -0.990202 0.264543 -0.000000 -0.990202 -0.139644 0.000000 0.000000 0.000000 0.000000 1.000000
