1.000000 -0.000000 0.000000 -0.000000 -0.000000 1.000000 -0.000000 0.000000 0.000000 -0.000000 1.000000 -0.000000 -0.000000 0.000000 -0.000000 1.000000
1.000000 -0.000000 -0.000001 -0.000000 0.000000 -0.938628 0.344929 0.000000 -0.000001 -0.344929 -0.938628 0.000000 -0.000000 0.000000 -0.000000 1.000000
1.000000 -0.000000 0.000000 -0.000000 0.000000 0.985389 0.170313 0.291336 -0.000000 -0.170313 0.985389 -0.168091 -0.000000 0.000000 -0.000000 1.000000
-1.000000 0.000000 -0.000004 0.000001 -0.000000 -0.997238 -0.074262 -0.306220 -0.000004 -0.074262 0.997238 -0.139142 -0.000000 0.000000 -0.000000 1.000000
1.000000 -0.000000 0.000000 -0.000000 0.000000 0.803098 0.595845 -0.059486 -0.000000 -0.595845 0.803098 -0.158259 -0.000000 0.000000 -0.000000 1.000000
0.083972 -0.994994 -0.054144 -0.037491 0.684817 0.097095 -0.722216 0.121908 0.723860 0.023567 0.689543 -0.110984 -0.000000 0.000000 -0.000000 1.000000
0.083972 0.994994 0.054144 0.037491 -0.684817 0.097096 -0.722216 0.121908 -0.723860 0.023567 0.689543 -0.110983 -0.000000 -0.000000 -0.000000 1.000000
-1.000000 0.000000 -0.000000 0.000000 -0.000000 -0.980067 -0.198661 -0.597147 -0.000000 -0.198662 0.980067 -0.215684 -0.000000 0.000000 -0.000000 1.000000
-0.321453 -0.923622 0.208777 -0.599486 0.774588 -0.383302 -0.503082 -0.194086 0.544683 -0.000001 0.838641 -0.077788 -0.000000 0.000000 -0.000000 1.000000
-0.321452 0.923622 -0.208777 0.599486 -0.774589 -0.383301 -0.503082 -0.194086 -0.544683 -0.000000 0.838641 -0.077788 -0.000000 0.000000 -0.000000 1.000000
1.000000 -0.000000 0.000000 -0.000000 -0.000000 0.323688 0.946163 -0.350063 -0.000000 -0.946163 0.323688 0.048833 -0.000000 0.000000 -0.000000 1.000000
-1.000000 0.000001 0.000000 0.217025 -0.000001 0.040782 -0.999167 -0.065637 -0.000001 -0.999166 -0.040782 -0.018446 0.000000 0.000000 -0.000000 1.000000
-1.000000 -0.000001 -0.000001 -0.217025 0.000001 0.040782 -0.999167 -0.065637 0.000001 -0.999166 -0.040782 -0.018446 -0.000000 0.000000 0.000000 1.000000
-1.000000 0.000000 -0.000000 0.000000 -0.000000 -0.813734 -0.581236 -0.686275 -0.000000 -0.581237 0.813734 -0.542922 -0.000000 0.000000 -0.000000 1.000000
-1.000000 0.000000 0.000000 0.223858 -0.000000 -0.080815 -0.996728 -0.112177 -0.000000 -0.996728 0.080815 -0.732197 0.000000 0.000000 -0.000000 1.000000
-1.000000 0.000001 -0.000000 -0.223857 0.000000 -0.080815 -0.996728 -0.112177 -0.000001 -0.996728 0.080815 -0.732197 -0.000000 0.000000 -0.000000 1.000000
1.000000 -0.000001 0.000000 0.000000 -0.000000 0.045408 0.998968 -0.706672 -0.000001 -0.998968 0.045408 0.257299 -0.000000 0.000000 -0.000000 1.000000
-1.000000 0.000001 0.000000 0.217025 -0.000001 -0.037709 -0.999287 -0.405365 -0.000001 -0.999287 0.037709 0.013388 0.000000 0.000000 -0.000000 1.000000
-1.000000 -0.000001 -0.000001 -0.217025 0.000001 -0.037709 -0.999287 -0.405365 0.000001 -0.999287 0.037709 0.013388 -0.000000 0.000000 -0.000000 1.000000
-1.000000 0.000000 -0.000000 0.000000 -0.000000 -0.732794 -0.680449 -0.753043 -0.000000 -0.680449 0.732794 -0.644427 -0.000000 0.000000 -0.000000 1.000000
-1.000000 0.000000 0.000000 0.223858 -0.000000 -0.104685 -0.994504 -0.472274 -0.000000 -0.994505 0.104685 -0.721083 0.000000 0.000000 -0.000000 1.000000
-1.000000 0.000001 -0.000000 -0.223857 0.000000 -0.104685 -0.994504 -0.472274 -0.000001 -0.994505 0.104685 -0.721084 -0.000000 0.000000 -0.000000 1.000000
0.999999 -0.000001 -0.000000 -0.217025 0.000001 0.979259 -0.202606 -0.120828 0.000001 0.202605 0.979259 0.638980 -0.000000 0.000000 -0.000000 1.000000
0.999999 0.000001 0.000001 0.217025 -0.000000 0.979259 -0.202606 -0.120828 -0.000001 0.202605 0.979259 0.638980 -0.000000 -0.000000 -0.000000 1.000000
0.999999 -0.000000 -0.000000 -0.223858 0.000000 0.970141 -0.242535 0.611126 0.000000 0.242535 0.970141 0.830292 -0.000000 0.000000 -0.000000 1.000000
1.000000 -0.000001 0.000000 0.223857 0.000001 0.970142 -0.242535 0.611126 -0.000000 0.242535 0.970141 0.830292 -0.000000 0.000000 -0.000000 1.000000
